data_A1_Cs2AgInCl6 - cut.xy

_pd_meas_number_of_points 1551
_riet_meas_datafile_calibrated true

# On the following loop you will have:
#  2theta/d coordinate   experimental intensity  calculated intensity  background  intensity 1546186-Cs2AgInCl6

loop_
_pd_proc_2theta_corrected
_pd_proc_intensity_total
_pd_calc_intensity_total
_pd_proc_intensity_bkg_calc
_pd_proc_intensity_weight
_pd_calc_intensity_total
 14.408831 0.656 0.4803574 0.42943877 1.2346619 0.05091865
 14.439531 0.521 0.5082263 0.4300863 1.385419 0.07813996
 14.470231 0.75 0.56022936 0.4307331 1.1547005 0.12949626
 14.500831 0.719 0.6631327 0.431377 1.1793306 0.23175573
 14.53153 0.885 0.875431 0.4320222 1.062988 0.44340882
 14.562231 1.042 1.3176564 0.43266663 0.9796392 0.88498974
 14.592931 1.917 2.1666646 0.43331027 0.7222523 1.7333543
 14.623631 3.333 3.0341744 0.4339531 0.54774994 2.6002214
 14.654231 2.719 2.372525 0.43459305 0.60645056 1.9379319
 14.684931 1.448 1.2974004 0.43523434 0.8310281 0.862166
 14.715631 0.802 0.7090401 0.43587482 1.116639 0.2731653
 14.746331 0.688 0.56193364 0.4365145 1.205607 0.12541911
 14.777031 0.646 0.51448834 0.4371534 1.2441815 0.07733491
 14.807631 0.625 0.49073082 0.43778944 1.264911 0.05294138
 14.838331 0.552 0.47696096 0.4384268 1.3459548 0.038534187
 14.869031 0.677 0.46839333 0.4390633 1.2153621 0.029330011
 14.899731 0.76 0.4627847 0.43969908 1.1470786 0.023085635
 14.93043 0.604 0.45898712 0.44033405 1.2867125 0.018653084
 14.961031 0.562 0.45636424 0.44096616 1.3339263 0.015398084
 14.991731 0.604 0.4545216 0.44159955 1.2867125 0.012922051
 15.02243 0.687 0.45323268 0.44223216 1.2064842 0.011000508
 15.053131 0.438 0.4523437 0.44286397 1.5109947 0.009479728
 15.083731 0.469 0.4517508 0.44349295 1.4602041 0.008257851
 15.11443 0.708 0.45137855 0.44412318 1.1884568 0.0072553777
 15.145131 0.51 0.45117795 0.44475263 1.4002801 0.006425315
 15.175831 0.635 0.45111156 0.4453813 1.2549117 0.0057302546
 15.206531 0.542 0.45115185 0.4460092 1.3583145 0.0051426655
 15.237131 0.521 0.45127675 0.44663423 1.385419 0.004642506
 15.267831 0.667 0.45147082 0.44726053 1.2244388 0.004210282
 15.298531 0.323 0.4517209 0.44788605 1.7595384 0.0038348336
 15.329231 0.687 0.452016 0.4485108 1.2064842 0.0035052022
 15.359931 0.427 0.45234516 0.44913474 1.5303334 0.003210444
 15.390531 0.542 0.45269206 0.44975585 1.3583145 0.0029362305
 15.421231 0.438 0.4530315 0.4503782 1.5109947 0.0026532921
 15.451931 0.542 0.45329875 0.4509998 1.3583145 0.0022989633
 15.482631 0.469 0.45333493 0.45162058 1.4602041 0.001714344
 15.51333 0.5 0.4527391 0.4522406 1.4142135 4.985169E-4
 15.543931 0.542 0.45285776 0.45285776 1.3583145 0.0
 15.574631 0.531 0.4534762 0.4534762 1.3723116 0.0
 15.60533 0.49 0.45409384 0.45409384 1.4285715 0.0
 15.636031 0.625 0.4547107 0.4547107 1.264911 0.0
 15.666631 0.49 0.45532474 0.45532474 1.4285715 0.0
 15.69733 0.469 0.45594075 0.45594004 1.4602041 7.2588745E-7
 15.728031 0.51 0.45655757 0.45655453 1.4002801 3.0584943E-6
 15.758731 0.583 0.45717758 0.45716822 1.3096815 9.368532E-6
 15.789431 0.615 0.45780748 0.45778114 1.2751534 2.6357917E-5
 15.820031 0.604 0.45846194 0.45839128 1.2867125 7.066806E-5
 15.850731 0.531 0.45919615 0.4590026 1.3723116 1.935371E-4
 15.881431 0.552 0.46013737 0.45961314 1.3459548 5.242213E-4
 15.912131 0.427 0.46163505 0.46022293 1.5303334 0.0014121466
 15.942831 0.344 0.46460527 0.46083188 1.7049859 0.0037733836
 15.973431 0.49 0.46639982 0.4614381 1.4285715 0.004961722
 16.004131 0.438 0.46735325 0.4620455 1.5109947 0.0053077475
 16.03483 0.375 0.46834347 0.46265212 1.6329932 0.0056913574
 16.06553 0.583 0.4693761 0.46325794 1.3096815 0.0061181616
 16.096231 0.427 0.4704576 0.463863 1.5303334 0.006594641
 16.126831 0.542 0.47159293 0.46446526 1.3583145 0.0071276748
 16.157532 0.49 0.47279897 0.46506873 1.4285715 0.007730251
 16.18823 0.49 0.47408414 0.4656714 1.4285715 0.008412762
 16.218931 0.698 0.47546285 0.46627328 1.1969397 0.009189585
 16.24953 0.469 0.47694948 0.46687242 1.4602041 0.010077056
 16.280231 0.458 0.4785763 0.46747273 1.4776353 0.011103578
 16.31093 0.594 0.4803683 0.46807227 1.2974982 0.012296038
 16.34163 0.583 0.48236325 0.468671 1.3096815 0.013692271
 16.372332 0.521 0.48460975 0.46926895 1.385419 0.015340802
 16.402931 0.406 0.4871666 0.46986416 1.569412 0.01730245
 16.43363 0.615 0.4901377 0.47046053 1.2751534 0.01967717
 16.46433 0.594 0.4936375 0.4710561 1.2974982 0.022581391
 16.495031 0.448 0.49783787 0.4716509 1.4940357 0.026186943
 16.52573 0.458 0.50298566 0.47224492 1.4776353 0.030740753
 16.556332 0.479 0.5094394 0.47283623 1.4448816 0.03660322
 16.58703 0.625 0.51782644 0.47342864 1.264911 0.04439779
 16.617731 0.698 0.52914625 0.4740203 1.1969397 0.05512593
 16.648432 0.573 0.5455271 0.47461116 1.3210604 0.07091594
 16.67913 0.667 0.57161933 0.47520122 1.2244388 0.09641812
 16.70973 0.656 0.6154584 0.4757886 1.2346619 0.13966985
 16.74043 0.792 0.6951985 0.4763771 1.1236664 0.2188214
 16.771132 0.927 0.85239655 0.4769648 1.0386282 0.37543172
 16.80183 1.385 1.1840348 0.47755173 0.8497186 0.70648307
 16.832432 1.781 1.9077498 0.47813594 0.7493212 1.4296138
 16.86313 3.281 3.3907893 0.4787213 0.5520735 2.9120681
 16.893831 5.854 5.2791343 0.47930586 0.41330785 4.7998285
 16.92453 5.458 4.971663 0.47988963 0.4280389 4.4917736
 16.95523 3.333 3.1941187 0.4804726 0.54774994 2.7136462
 16.98583 1.396 1.5453887 0.4810529 0.8463642 1.0643358
 17.016531 0.906 0.89215773 0.48163432 1.0505964 0.41052344
 17.047232 0.698 0.7071768 0.48221493 1.1969397 0.22496185
 17.07793 0.583 0.63119984 0.48279476 1.3096815 0.14840509
 17.108631 0.656 0.5890978 0.48337382 1.2346619 0.10572398
 17.13923 0.531 0.56323415 0.4839502 1.3723116 0.079283975
 17.169931 0.521 0.54617316 0.48452765 1.385419 0.06164551
 17.20063 0.615 0.53442776 0.48510435 1.2751534 0.04932341
 17.23133 0.479 0.5260515 0.48568022 1.4448816 0.040371284
 17.262032 0.552 0.5199182 0.48625535 1.3459548 0.03366286
 17.292631 0.417 0.5153446 0.4868278 1.5485741 0.028516835
 17.32333 0.521 0.51185846 0.4874013 1.385419 0.024457125
 17.35403 0.448 0.50918245 0.48797408 1.4940357 0.021208417
 17.384731 0.438 0.507115 0.488546 1.5109947 0.018568974
 17.41533 0.438 0.50551575 0.48911533 1.5109947 0.016400415
 17.446032 0.333 0.5042714 0.4896857 1.7329174 0.014585657
 17.47673 0.417 0.503312 0.4902553 1.5485741 0.013056662
 17.507431 0.542 0.5025805 0.4908241 1.3583145 0.011756392
 17.538132 0.51 0.50203395 0.49139214 1.4002801 0.010641849
 17.568731 0.563 0.50163907 0.49195752 1.3327411 0.009681575
 17.59943 0.49 0.5013671 0.49252397 1.4285715 0.008843114
 17.63013 0.448 0.5011987 0.49308962 1.4940357 0.008109112
 17.660831 0.49 0.5011174 0.4936545 1.4285715 0.007462918
 17.69153 0.542 0.50110894 0.49421856 1.3583145 0.0068903565
 17.722132 0.448 0.5011608 0.49478 1.4940357 0.006380769
 17.75283 0.521 0.5012604 0.49534252 1.385419 0.005917862
 17.783531 0.521 0.50138927 0.49590424 1.385419 0.005485015
 17.81423 0.479 0.50150824 0.49646518 1.4448816 0.00504304
 17.84493 0.479 0.5015147 0.4970253 1.4448816 0.004489391
 17.87553 0.51 0.5011176 0.49758285 1.4002801 0.0035347256
 17.90623 0.479 0.4994862 0.4981414 1.4448816 0.0013447909
 17.936932 0.542 0.49965516 0.4986992 1.3583145 9.559587E-4
 17.96763 0.427 0.4992562 0.4992562 1.5303334 0.0
 17.99823 0.552 0.49981058 0.49981058 1.3459548 0.0
 18.02893 0.521 0.500366 0.500366 1.385419 0.0
 18.059631 0.427 0.5009206 0.5009206 1.5303334 0.0
 18.09033 0.469 0.50147444 0.50147444 1.4602041 0.0
 18.12103 0.448 0.5020275 0.5020275 1.4940357 0.0
 18.15163 0.521 0.50257796 0.50257796 1.385419 0.0
 18.182331 0.437 0.5031295 0.5031295 1.5127226 0.0
 18.213032 0.521 0.50368017 0.50368017 1.385419 0.0
 18.24373 0.427 0.5042301 0.5042301 1.5303334 0.0
 18.274431 0.458 0.50477916 0.50477916 1.4776353 0.0
 18.30503 0.469 0.50532573 0.50532573 1.4602041 0.0
 18.335732 0.542 0.50587326 0.50587326 1.3583145 0.0
 18.36643 0.406 0.50642 0.50642 1.569412 0.0
 18.397131 0.396 0.506966 0.506966 1.5891043 0.0
 18.427832 0.542 0.50751114 0.50751114 1.3583145 0.0
 18.458431 0.51 0.5080538 0.5080538 1.4002801 0.0
 18.48913 0.448 0.5085974 0.5085974 1.4940357 0.0
 18.51983 0.51 0.5091402 0.5091402 1.4002801 0.0
 18.550531 0.406 0.5096822 0.5096822 1.569412 0.0
 18.581131 0.5 0.51022166 0.51022166 1.4142135 0.0
 18.611832 0.448 0.51076216 0.51076216 1.4940357 0.0
 18.64253 0.417 0.5113018 0.5113018 1.5485741 0.0
 18.673231 0.51 0.51184064 0.51184064 1.4002801 0.0
 18.70393 0.531 0.51237875 0.51237875 1.3723116 0.0
 18.734531 0.521 0.5129143 0.5129143 1.385419 0.0
 18.76523 0.51 0.5134508 0.5134508 1.4002801 0.0
 18.79593 0.406 0.5139865 0.5139865 1.569412 0.0
 18.826632 0.458 0.5145215 0.5145215 1.4776353 0.0
 18.85733 0.604 0.51505566 0.51505566 1.2867125 0.0
 18.88793 0.479 0.5155873 0.5155873 1.4448816 0.0
 18.91863 0.437 0.51611984 0.51611984 1.5127226 0.0
 18.949331 0.427 0.51665163 0.51665163 1.5303334 0.0
 18.98003 0.469 0.51718265 0.51718265 1.4602041 0.0
 19.01073 0.552 0.51771283 0.51771283 1.3459548 0.0
 19.04133 0.427 0.5182405 0.5182405 1.5303334 0.0
 19.072031 0.51 0.51876915 0.51876915 1.4002801 0.0
 19.102732 0.406 0.519297 0.519297 1.569412 0.0
 19.13343 0.437 0.5198241 0.5198241 1.5127226 0.0
 19.16403 0.458 0.52034867 0.52034867 1.4776353 0.0
 19.19473 0.479 0.52087414 0.52087414 1.4448816 0.0
 19.225431 0.521 0.52139884 0.52139884 1.385419 0.0
 19.25613 0.437 0.52192277 0.52192277 1.5127226 0.0
 19.28683 0.625 0.52244586 0.52244586 1.264911 0.0
 19.31743 0.708 0.5229665 0.5229665 1.1884568 0.0
 19.348131 0.417 0.52348804 0.52348804 1.5485741 0.0
 19.37883 0.365 0.5240088 0.5240088 1.6552118 0.0
 19.40953 0.51 0.5245288 0.5245288 1.4002801 0.0
 19.440231 0.437 0.52504796 0.52504796 1.5127226 0.0
 19.47083 0.427 0.5255647 0.5255647 1.5303334 0.0
 19.501532 0.469 0.5260823 0.5260823 1.4602041 0.0
 19.53223 0.521 0.5265991 0.5265991 1.385419 0.0
 19.562931 0.385 0.52711517 0.52711517 1.6116459 0.0
 19.593632 0.365 0.5276304 0.5276304 1.6552118 0.0
 19.624231 0.448 0.52814317 0.52814317 1.4940357 0.0
 19.65493 0.385 0.52865684 0.52865684 1.6116459 0.0
 19.68563 0.396 0.52916974 0.52916974 1.5891043 0.0
 19.716331 0.604 0.5296818 0.5296818 1.2867125 0.0
 19.746931 0.427 0.5301915 0.5301915 1.5303334 0.0
 19.777632 0.458 0.530702 0.530702 1.4776353 0.0
 19.80833 0.448 0.53121173 0.53121173 1.4940357 0.0
 19.839031 0.531 0.53172064 0.53172064 1.3723116 0.0
 19.86973 0.542 0.5322288 0.5322288 1.3583145 0.0
 19.900331 0.542 0.5327346 0.5327346 1.3583145 0.0
 19.93103 0.625 0.53324115 0.53324115 1.264911 0.0
 19.961731 0.344 0.5337469 0.5337469 1.7049859 0.0
 19.992432 0.479 0.5342519 0.5342519 1.4448816 0.0
 20.02313 0.458 0.5347561 0.5347561 1.4776353 0.0
 20.05373 0.531 0.53525794 0.53525794 1.3723116 0.0
 20.08443 0.583 0.5357606 0.5357606 1.3096815 0.0
 20.115131 0.594 0.53626245 0.53626245 1.2974982 0.0
 20.14583 0.542 0.5367635 0.5367635 1.3583145 0.0
 20.17653 0.51 0.5372638 0.5372638 1.4002801 0.0
 20.20713 0.323 0.5377617 0.5377617 1.7595384 0.0
 20.237831 0.51 0.5382604 0.5382604 1.4002801 0.0
 20.268532 0.479 0.5387583 0.5387583 1.4448816 0.0
 20.29923 0.625 0.53925544 0.53925544 1.264911 0.0
 20.32983 0.49 0.53975016 0.53975016 1.4285715 0.0
 20.36053 0.615 0.5402457 0.5402457 1.2751534 0.0
 20.391232 0.51 0.5407405 0.5407405 1.4002801 0.0
 20.42193 0.396 0.54123443 0.54123443 1.5891043 0.0
 20.452631 0.333 0.54172766 0.54172766 1.7329174 0.0
 20.48323 0.385 0.54221845 0.54221845 1.6116459 0.0
 20.513931 0.594 0.54271007 0.54271007 1.2974982 0.0
 20.54463 0.562 0.5432009 0.5432009 1.3339263 0.0
 20.57533 0.521 0.5436909 0.5436909 1.385419 0.0
 20.606031 0.583 0.5441802 0.5441802 1.3096815 0.0
 20.636631 0.542 0.54466707 0.54466707 1.3583145 0.0
 20.667332 0.51 0.54515475 0.54515475 1.4002801 0.0
 20.69803 0.5 0.54564166 0.54564166 1.4142135 0.0
 20.728731 0.448 0.54612774 0.54612774 1.4940357 0.0
 20.75943 0.49 0.54661304 0.54661304 1.4285715 0.0
 20.790031 0.448 0.547096 0.547096 1.4940357 0.0
 20.82073 0.438 0.54757977 0.54757977 1.5109947 0.0
 20.85143 0.448 0.54806274 0.54806274 1.4940357 0.0
 20.882132 0.552 0.5485449 0.5485449 1.3459548 0.0
 20.912731 0.5 0.5490247 0.5490247 1.4142135 0.0
 20.94343 0.594 0.5495053 0.5495053 1.2974982 0.0
 20.97413 0.385 0.5499851 0.5499851 1.6116459 0.0
 21.004831 0.365 0.5504641 0.5504641 1.6552118 0.0
 21.03553 0.51 0.5509423 0.5509423 1.4002801 0.0
 21.066132 0.5 0.55141824 0.55141824 1.4142135 0.0
 21.09683 0.521 0.55189484 0.55189484 1.385419 0.0
 21.127531 0.5 0.5523707 0.5523707 1.4142135 0.0
 21.158232 0.396 0.55284584 0.55284584 1.5891043 0.0
 21.18893 0.51 0.5533201 0.5533201 1.4002801 0.0
 21.21953 0.573 0.55379206 0.55379206 1.3210604 0.0
 21.25023 0.552 0.5542648 0.5542648 1.3459548 0.0
 21.280931 0.5 0.55473673 0.55473673 1.4142135 0.0
 21.31163 0.5 0.55520785 0.55520785 1.4142135 0.0
 21.34233 0.51 0.5556782 0.5556782 1.4002801 0.0
 21.37293 0.604 0.5561462 0.5561462 1.2867125 0.0
 21.403631 0.417 0.556615 0.556615 1.5485741 0.0
 21.43433 0.448 0.557083 0.557083 1.4940357 0.0
 21.46503 0.479 0.5575502 0.5575502 1.4448816 0.0
 21.49563 0.552 0.5580151 0.5580151 1.3459548 0.0
 21.52633 0.51 0.55848074 0.55848074 1.4002801 0.0
 21.557032 0.542 0.55894554 0.55894554 1.3583145 0.0
 21.58773 0.812 0.5594096 0.5594096 1.1097419 0.0
 21.618431 0.729 0.55987287 0.55987287 1.171214 0.0
 21.64903 0.865 0.56033385 0.56033385 1.0752066 0.0
 21.679731 1.052 0.56079555 0.56079555 0.97497195 0.0
 21.71043 0.625 0.5612564 0.5612564 1.264911 0.0
 21.74113 0.708 0.56171656 0.56171656 1.1884568 0.0
 21.771832 0.583 0.56217587 0.56217587 1.3096815 0.0
 21.802431 0.563 0.5626329 0.5626329 1.3327411 0.0
 21.833132 0.573 0.5630907 0.5630907 1.3210604 0.0
 21.86383 0.448 0.5635476 0.5635476 1.4940357 0.0
 21.894531 0.469 0.5640038 0.5640038 1.4602041 0.0
 21.92523 0.51 0.5644592 0.5644592 1.4002801 0.0
 21.955832 0.562 0.5649123 0.5649123 1.3339263 0.0
 21.98653 0.625 0.5653661 0.5653661 1.264911 0.0
 22.017231 0.542 0.56581914 0.56581914 1.3583145 0.0
 22.047932 0.406 0.56627136 0.56627136 1.569412 0.0
 22.078531 0.542 0.5667214 0.5667214 1.3583145 0.0
 22.10923 0.521 0.567172 0.567172 1.385419 0.0
 22.13993 0.708 0.5676219 0.5676219 1.1884568 0.0
 22.170631 0.552 0.56807095 0.56807095 1.3459548 0.0
 22.20133 0.521 0.5685193 0.5685193 1.385419 0.0
 22.231932 0.656 0.5689653 0.5689653 1.2346619 0.0
 22.26263 0.583 0.56941205 0.56941205 1.3096815 0.0
 22.293331 0.5 0.569858 0.569858 1.4142135 0.0
 22.32403 0.521 0.57030314 0.57030314 1.385419 0.0
 22.35473 0.448 0.5707475 0.5707475 1.4940357 0.0
 22.38533 0.531 0.57118964 0.57118964 1.3723116 0.0
 22.41603 0.708 0.5716324 0.5716324 1.1884568 0.0
 22.446732 0.687 0.5720744 0.5720744 1.2064842 0.0
 22.47743 0.635 0.5725156 0.5725156 1.2549117 0.0
 22.508131 0.708 0.572956 0.572956 1.1884568 0.0
 22.53873 0.719 0.57343566 0.57339424 1.1793306 4.1399886E-5
 22.569431 0.688 0.5740289 0.5738331 1.205607 1.958544E-4
 22.60013 0.656 0.575059 0.57427114 1.2346619 7.878554E-4
 22.63083 0.604 0.57768035 0.5747084 1.2867125 0.0029719076
 22.66143 0.708 0.5861275 0.57514346 1.1884568 0.010984059
 22.692131 0.667 0.61597586 0.57557917 1.2244388 0.040396713
 22.722832 0.667 0.72268236 0.5760141 1.2244388 0.14666826
 22.75353 0.75 0.744406 0.5764482 1.1547005 0.16795781
 22.784231 0.687 0.8037097 0.5768815 1.2064842 0.22682816
 22.81483 0.677 0.8159588 0.57731265 1.2153621 0.23864613
 22.845531 0.594 0.8292043 0.5777444 1.2974982 0.25145987
 22.87623 0.792 0.84351104 0.5781754 1.1236664 0.26533565
 22.90693 0.896 0.8589999 0.5786056 1.0564429 0.28039432
 22.937632 0.844 0.87580216 0.579035 1.0885009 0.2967672
 22.968231 0.906 0.8940185 0.5794622 1.0505964 0.31455627
 22.99893 1.0 0.9139573 0.57989 1.0 0.3340673
 23.02963 1.052 0.93577164 0.580317 0.97497195 0.35545462
 23.060331 0.958 0.95971054 0.5807433 1.0216855 0.37896726
 23.09103 0.969 0.98605394 0.5811688 1.01587 0.4048852
 23.121632 1.042 1.015051 0.581592 0.9796392 0.43345895
 23.15233 1.021 1.0473064 0.58201593 0.9896625 0.46529052
 23.183031 1.083 1.0832074 0.582439 0.96091676 0.5007684
 23.213732 1.104 1.1233158 0.5828613 0.9517337 0.5404545
 23.244331 0.896 1.1681834 0.58328146 1.0564429 0.58490205
 23.27503 1.146 1.2189659 0.5837022 0.9341308 0.63526374
 23.30573 1.177 1.2765583 0.5841221 0.9217471 0.69243616
 23.336432 1.219 1.3422488 0.58454126 0.90572876 0.75770754
 23.36713 1.458 1.4176117 0.5849596 0.82817334 0.83265203
 23.397732 1.208 1.5043845 0.5853759 0.90984315 0.9190086
 23.42843 1.427 1.6057408 0.58579266 0.8371206 1.0199481
 23.459131 1.604 1.724744 0.5862087 0.789583 1.1385353
 23.48983 1.604 1.8657746 0.5866239 0.789583 1.2791507
 23.52053 1.76 2.034588 0.58703834 0.75377834 1.4475498
 23.55113 1.875 2.2383938 0.5874506 0.73029673 1.6509432
 23.581831 2.292 2.489485 0.58786345 0.6605302 1.9016215
 23.612532 2.719 2.8027122 0.58827555 0.60645056 2.2144365
 23.64323 2.938 3.2006238 0.5886868 0.5834103 2.6119368
 23.673931 4.208 3.7168777 0.5890973 0.48748598 3.1277804
 23.70453 4.458 4.4022593 0.5895057 0.47361994 3.8127537
 23.735231 5.323 5.3500485 0.5899146 0.4334328 4.760134
 23.76593 7.041 6.7201924 0.59032273 0.3768624 6.12987
 23.79663 9.292 8.832406 0.5907301 0.32805404 8.241675
 23.82723 14.584 12.355734 0.5911353 0.26185548 11.764599
 23.857931 21.863 18.949986 0.59154105 0.21386766 18.358444
 23.88863 34.57 32.843746 0.59194607 0.17007884 32.2518
 23.91933 63.703 63.97552 0.59235024 0.12529105 63.38317
 23.950031 120.597 125.16723 0.59275365 0.09106086 124.57447
 23.98063 205.287 200.39337 0.59315497 0.06979419 199.80022
 24.011332 204.392 210.05113 0.59355676 0.06994683 209.45757
 24.04203 158.373 162.56905 0.5939578 0.07946199 161.9751
 24.072731 109.762 107.94478 0.5943581 0.095449574 107.35042
 24.103432 54.006 53.57284 0.5947575 0.1360752 52.978085
 24.134031 28.095 26.099533 0.5951549 0.18866245 25.504377
 24.16473 16.386 15.273799 0.5955528 0.24703786 14.6782465
 24.19543 11.843 10.521389 0.5959499 0.2905823 9.92544
 24.226131 8.416 7.8455563 0.5963462 0.34470466 7.24921
 24.25683 6.802 6.132967 0.59674174 0.3834261 5.5362253
 24.287432 4.604 4.9691358 0.5971352 0.46604982 4.372
 24.31813 4.063 4.1361885 0.5975292 0.4961084 3.5386593
 24.348831 3.406 3.5214355 0.5979223 0.54184824 2.9235132
 24.37953 2.906 3.0547724 0.5983147 0.5866137 2.4564576
 24.410131 2.677 2.6932006 0.598705 0.6111894 2.0944955
 24.44083 2.344 2.4053884 0.5990958 0.6531624 1.8062927
 24.47153 2.177 2.1733403 0.5994858 0.67775196 1.5738544
 24.502232 1.938 1.9835092 0.59987503 0.71832854 1.3836341
 24.53293 1.646 1.8262837 0.6002635 0.7794443 1.2260202
 24.56353 1.937 1.6950133 0.6006499 0.7185139 1.0943633
 24.59423 1.521 1.5835254 0.6010367 0.8108404 0.9824887
 24.624931 1.802 1.488374 0.6014228 0.74494225 0.88695115
 24.65563 1.573 1.4065188 0.6018081 0.7973255 0.8047107
 24.68633 1.438 1.3356698 0.6021926 0.8339126 0.7334772
 24.71693 1.375 1.2740508 0.60257506 0.8528029 0.6714758
 24.747631 1.427 1.2197969 0.60295796 0.8371206 0.61683893
 24.778332 1.312 1.1719528 0.6033401 0.8730379 0.56861275
 24.80903 1.448 1.129551 0.60372144 0.8310281 0.52582955
 24.839731 1.115 1.0918127 0.604102 0.94702744 0.48771077
 24.87033 1.104 1.0581902 0.60448056 0.9517337 0.4537097
 24.901031 1.229 1.0279 0.60485953 0.90203637 0.42304042
 24.93173 1.114 1.0006161 0.6052377 0.9474524 0.3953783
 24.962431 1.156 0.97596526 0.60561514 0.93008167 0.3703501
 24.99303 1.062 0.9536946 0.6059905 0.9703708 0.34770402
 25.023731 1.219 0.93336946 0.6063664 0.90572876 0.32700306
 25.05443 1.021 0.9148385 0.6067414 0.9896625 0.30809706
 25.08513 0.917 0.89789927 0.6071157 1.0442761 0.29078358
 25.115831 0.927 0.8823827 0.60748917 1.0386282 0.2748935
 25.146431 0.948 0.8680919 0.6078606 1.02706 0.26023123
 25.177132 0.812 0.8546083 0.60823256 1.1097419 0.24637572
 25.20783 1.052 0.8409744 0.60860366 0.97497195 0.23237076
 25.238531 1.01 0.82353485 0.608974 0.9950372 0.21456085
 25.269232 0.885 0.7878053 0.6093435 1.062988 0.17846183
 25.299831 0.677 0.6773435 0.60971105 1.2153621 0.067632444
 25.33053 0.802 0.66210365 0.610079 1.116639 0.05202464
 25.36123 0.813 0.6104462 0.6104462 1.1090592 0.0
 25.391932 0.813 0.6108126 0.6108126 1.1090592 0.0
 25.42263 0.781 0.61117816 0.61117816 1.1315519 0.0
 25.45323 0.708 0.6115418 0.6115418 1.1884568 0.0
 25.48393 0.833 0.6119058 0.6119058 1.0956643 0.0
 25.514631 0.833 0.61226904 0.61226904 1.0956643 0.0
 25.54533 0.667 0.6126315 0.6126315 1.2244388 0.0
 25.575932 0.76 0.612992 0.612992 1.1470786 0.0
 25.60663 0.656 0.61335284 0.61335284 1.2346619 0.0
 25.637331 0.771 0.6137129 0.6137129 1.1388664 0.0
 25.668032 0.562 0.6140722 0.6140722 1.3339263 0.0
 25.69873 0.792 0.6144307 0.6144307 1.1236664 0.0
 25.72933 0.74 0.6147873 0.6147873 1.1624764 0.0
 25.76003 0.521 0.61514425 0.61514425 1.385419 0.0
 25.790731 0.646 0.6155004 0.6155004 1.2441815 0.0
 25.82143 0.802 0.61585575 0.61585575 1.116639 0.0
 25.85213 0.687 0.6162103 0.6162103 1.2064842 0.0
 25.88273 0.625 0.6165629 0.6165629 1.264911 0.0
 25.913431 0.667 0.61691594 0.61691594 1.2244388 0.0
 25.94413 0.573 0.61726815 0.61726815 1.3210604 0.0
 25.97483 0.667 0.6176196 0.6176196 1.2244388 0.0
 26.005531 0.677 0.61797017 0.61797017 1.2153621 0.0
 26.03613 0.542 0.61831886 0.61831886 1.3583145 0.0
 26.066832 0.646 0.61866796 0.61866796 1.2441815 0.0
 26.09753 0.677 0.61901623 0.61901623 1.2153621 0.0
 26.128231 0.594 0.61936367 0.61936367 1.2974982 0.0
 26.15883 0.542 0.61970925 0.61970925 1.3583145 0.0
 26.189531 0.531 0.62005514 0.62005514 1.3723116 0.0
 26.22023 0.458 0.6204003 0.6204003 1.4776353 0.0
 26.25093 0.604 0.6207446 0.6207446 1.2867125 0.0
 26.281631 0.719 0.62108815 0.62108815 1.1793306 0.0
 26.312231 0.563 0.6214298 0.6214298 1.3327411 0.0
 26.342932 0.615 0.62177175 0.62177175 1.2751534 0.0
 26.37363 0.708 0.62211293 0.62211293 1.1884568 0.0
 26.404331 0.677 0.62245333 0.62245333 1.2153621 0.0
 26.43503 0.708 0.62279296 0.62279296 1.1884568 0.0
 26.465631 0.771 0.6231307 0.6231307 1.1388664 0.0
 26.49633 0.74 0.6234687 0.6234687 1.1624764 0.0
 26.52703 0.51 0.62380594 0.62380594 1.4002801 0.0
 26.557732 0.687 0.6241424 0.6241424 1.2064842 0.0
 26.58843 0.687 0.62447804 0.62447804 1.2064842 0.0
 26.61903 0.625 0.6248118 0.6248118 1.264911 0.0
 26.64973 0.51 0.6251459 0.6251459 1.4002801 1.34889E-8
 26.680431 0.625 0.6254793 0.6254792 1.264911 7.240432E-8
 26.71113 0.635 0.62581205 0.62581176 1.2549117 3.3402017E-7
 26.741732 0.594 0.6261439 0.6261424 1.2974982 1.4583475E-6
 26.77243 0.479 0.6264796 0.6264733 1.4448816 6.2884897E-6
 26.803131 0.479 0.62683016 0.6268035 1.4448816 2.6658437E-5
 26.833832 0.604 0.627163 0.62713283 1.2867125 3.014284E-5
 26.86453 0.604 0.62750256 0.62746143 1.2867125 4.1153202E-5
 26.89513 0.729 0.6278312 0.6277881 1.171214 4.3059405E-5
 26.92583 0.573 0.62816024 0.6281152 1.3210604 4.51089E-5
 26.956532 0.51 0.62848866 0.6284414 1.4002801 4.730849E-5
 26.98723 0.615 0.6288165 0.6287668 1.2751534 4.967332E-5
 27.017931 0.729 0.62914366 0.62909144 1.171214 5.2219497E-5
 27.04853 0.656 0.6294692 0.62941426 1.2346619 5.495655E-5
 27.079231 0.635 0.62979525 0.6297373 1.2549117 5.7925834E-5
 27.10993 0.646 0.6301207 0.6300596 1.2441815 6.114279E-5
 27.14063 0.625 0.6304457 0.63038105 1.264911 6.463591E-5
 27.171331 0.729 0.6307702 0.6307018 1.171214 6.843652E-5
 27.201931 0.615 0.6310932 0.63102067 1.2751534 7.2567374E-5
 27.232632 0.552 0.63141686 0.6313398 1.3459548 7.7101424E-5
 27.26333 0.698 0.6317402 0.63165814 1.1969397 8.207497E-5
 27.294031 0.562 0.6320632 0.63197565 1.3339263 8.754485E-5
 27.32463 0.542 0.63238496 0.6322914 1.3583145 9.3558316E-5
 27.355331 0.531 0.6327076 0.63260734 1.3723116 1.0023932E-4
 27.38603 0.708 0.63303024 0.63292253 1.1884568 1.0766362E-4
 27.41673 0.531 0.6333529 0.63323694 1.3723116 1.1594619E-4
 27.447432 0.667 0.6336758 0.6335506 1.2244388 1.2522153E-4
 27.478031 0.562 0.633998 0.6338624 1.3339263 1.3561826E-4
 27.50873 0.656 0.6343218 0.6341744 1.2346619 1.4741275E-4
 27.53943 0.75 0.6346465 0.63448566 1.1547005 1.6081883E-4
 27.570131 0.479 0.6349723 0.63479614 1.4448816 1.7614519E-4
 27.60083 0.635 0.63529956 0.6351058 1.2549117 1.9377121E-4
 27.631432 0.74 0.6356278 0.6354137 1.1624764 2.141093E-4
 27.66213 0.781 0.6359597 0.6357218 1.1315519 2.3792592E-4
 27.692831 0.833 0.6362951 0.6360291 1.0956643 2.6596125E-4
 27.723532 0.604 0.6366349 0.6363356 1.2867125 2.9927804E-4
 27.75423 0.698 0.63698065 0.6366414 1.1969397 3.3928067E-4
 27.78483 0.635 0.63733304 0.6369453 1.2549117 3.877167E-4
 27.81553 0.562 0.6376971 0.63724947 1.3339263 4.4760283E-4
 27.846231 0.771 0.6380754 0.63755286 1.1388664 5.225938E-4
 27.87693 0.677 0.6384888 0.6378554 1.2153621 6.333809E-4
 27.907532 0.604 0.6389827 0.63815624 1.2867125 8.2646456E-4
 27.93823 0.875 0.6397625 0.63845724 1.069045 0.0013052651
 27.968931 0.625 0.6417069 0.63875747 1.264911 0.0029493747
 27.99963 0.708 0.6486679 0.6390569 1.1884568 0.009610958
 28.03033 0.594 0.6772723 0.63935554 1.2974982 0.037916742
 28.06093 0.677 0.68070024 0.63965243 1.2153621 0.041047767
 28.09163 0.802 0.68752927 0.63994956 1.116639 0.04757973
 28.122332 0.698 0.70727134 0.6402458 1.1969397 0.06702552
 28.15303 0.781 0.7175633 0.6405413 1.1315519 0.07702196
 28.183731 0.771 0.7323545 0.640836 1.1388664 0.091518484
 28.21433 0.823 0.7447844 0.641129 1.1023006 0.10365546
 28.245031 0.948 0.7445686 0.64142215 1.02706 0.103146456
 28.27573 0.74 0.7420044 0.64171445 1.1624764 0.10028994
 28.30643 0.781 0.73854196 0.64200604 1.1315519 0.09653595
 28.337132 0.573 0.7346784 0.6422968 1.3210604 0.09238157
 28.367731 0.781 0.7346841 0.6425858 1.1315519 0.09209827
 28.398432 0.802 0.7376667 0.642875 1.116639 0.09479169
 28.42913 0.76 0.742214 0.64316344 1.1470786 0.09905055
 28.459831 0.615 0.74766475 0.6434511 1.2751534 0.10421367
 28.49043 0.823 0.7538149 0.64373696 1.1023006 0.110077895
 28.521132 0.677 0.7606864 0.644023 1.2153621 0.1166634
 28.55183 0.792 0.7682923 0.64430827 1.1236664 0.12398402
 28.582531 0.75 0.776698 0.64459276 1.1547005 0.13210528
 28.613232 0.802 0.78599113 0.6448764 1.116639 0.14111471
 28.643831 0.854 0.7962484 0.6451584 1.0821091 0.15109
 28.67453 0.708 0.807684 0.6454405 1.1884568 0.16224349
 28.70523 0.844 0.82043403 0.64572185 1.0885009 0.17471223
 28.735931 0.677 0.8347067 0.64600235 1.2153621 0.18870434
 28.76663 0.865 0.8507496 0.6462821 1.0752066 0.20446748
 28.797232 1.01 0.86880445 0.64656013 0.9950372 0.22224434
 28.82793 0.833 0.88938075 0.6468383 1.0956643 0.24254243
 28.858631 0.885 0.91289 0.6471157 1.062988 0.26577428
 28.88933 0.927 0.9399256 0.6473923 1.0386282 0.2925333
 28.92003 0.813 0.9712284 0.6476681 1.1090592 0.3235603
 28.95063 0.927 1.0076228 0.64794225 1.0386282 0.35968065
 28.98133 1.021 1.0506169 0.6482165 0.9896625 0.40240034
 29.012032 1.021 1.1017358 0.6484899 0.9896625 0.45324597
 29.04273 0.958 1.1631627 0.6487626 1.0216855 0.5144001
 29.07333 0.875 1.2376157 0.64903355 1.069045 0.58858216
 29.10403 1.0 1.3297999 0.6493046 1.0 0.6804952
 29.134731 1.125 1.4454451 0.64957494 0.94280905 0.7958701
 29.16543 1.187 1.5933213 0.6498444 0.9178562 0.9434769
 29.19613 1.635 1.7866607 0.65011317 0.7820619 1.1365474
 29.22673 1.583 2.045481 0.6503802 0.7948031 1.3951008
 29.257431 1.958 2.406809 0.65064734 0.71465045 1.7561617
 29.288132 2.49 2.9340644 0.6509137 0.6337243 2.2831507
 29.31883 3.188 3.7569246 0.65117925 0.56006813 3.1057453
 29.349531 4.615 5.1685057 0.651444 0.46549407 4.5170617
 29.38013 6.239 7.8869476 0.6517072 0.40035248 7.2352405
 29.410831 10.572 13.602356 0.6519704 0.30755404 12.950386
 29.44153 20.092 24.743105 0.6522328 0.22309427 24.090874
 29.47223 42.46 40.712563 0.65249443 0.15346523 40.06007
 29.502932 60.908 49.818905 0.65275526 0.12813354 49.16615
 29.533531 42.59 42.647293 0.6530145 0.15323085 41.994278
 29.56423 36.206 34.8276 0.65327376 0.16619185 34.174324
 29.59493 26.738 24.767574 0.6535322 0.19339068 24.114042
 29.625631 12.469 14.068816 0.65378994 0.2831941 13.415027
 29.65623 6.396 7.933248 0.654046 0.3954083 7.279202
 29.686932 4.0 5.0591583 0.6543021 0.5 4.404856
 29.71763 2.989 3.6762266 0.6545574 0.57841164 3.0216691
 29.748331 2.583 2.8886757 0.654812 0.62221116 2.2338636
 29.779032 1.917 2.379374 0.6550657 0.7222523 1.7243083
 29.809631 1.792 2.028725 0.65531784 0.74701786 1.3734071
 29.84033 1.469 1.7749431 0.65557003 0.8250668 1.119373
 29.87103 1.354 1.5859423 0.65582144 0.85939074 0.9301209
 29.901731 1.146 1.4413531 0.656072 0.9341308 0.78528106
 29.93243 1.177 1.3282678 0.6563218 0.9217471 0.67194605
 29.963032 1.021 1.2384466 0.6565701 0.9896625 0.5818765
 29.99373 0.948 1.1654032 0.6568183 1.02706 0.508585
 30.024431 1.052 1.1054176 0.65706575 0.97497195 0.44835183
 30.05513 0.813 1.0555516 0.6573124 1.1090592 0.3982392
 30.08583 1.135 1.0136611 0.65755826 0.9386465 0.35610288
 30.11643 1.052 0.97825754 0.6578026 0.97497195 0.32045496
 30.147131 1.083 0.94785523 0.6580469 0.96091676 0.28980833
 30.177832 1.031 0.92165166 0.6582904 0.9848513 0.26336125
 30.20853 0.865 0.89891624 0.6585331 1.0752066 0.2403831
 30.23913 0.99 0.8791357 0.65877426 1.0050378 0.22036144
 30.26983 1.052 0.8616986 0.6590154 0.97497195 0.20268323
 30.300531 0.833 0.84630775 0.6592558 1.0956643 0.18705195
 30.33123 1.031 0.83265746 0.65949535 0.9848513 0.1731621
 30.36193 0.854 0.82050055 0.65973413 1.0821091 0.1607664
 30.39253 0.906 0.80966794 0.65997136 1.0505964 0.14969656
 30.423231 0.813 0.79990673 0.6602086 1.1090592 0.13969812
 30.45393 0.917 0.7911144 0.66044503 1.0442761 0.1306694
 30.48463 1.0 0.7831689 0.66068065 1.0 0.12248827
 30.515331 0.948 0.77596873 0.6609155 1.02706 0.11505324
 30.54593 0.917 0.7694489 0.6611488 1.0442761 0.108300045
 30.576632 0.875 0.76348513 0.6613821 1.069045 0.102103084
 30.60733 0.719 0.7580378 0.66161454 1.1793306 0.09642325
 30.638031 0.969 0.75305045 0.6618463 1.01587 0.09120419
 30.668732 0.823 0.74847543 0.6620772 1.1023006 0.086398266
 30.699331 1.01 0.74428517 0.66230655 0.9950372 0.08197865
 30.73003 0.844 0.7404111 0.6625359 1.0885009 0.07787522
 30.76073 0.854 0.7368365 0.66276443 1.0821091 0.074072056
 30.791431 1.083 0.73353344 0.6629922 0.96091676 0.07054124
 30.822031 1.021 0.73048747 0.66321844 0.9896625 0.067269035
 30.852732 0.823 0.727644 0.66344464 1.1023006 0.0641994
 30.88343 0.854 0.7249677 0.66367 1.0821091 0.061297704
 30.914131 0.813 0.7222922 0.66389465 1.1090592 0.05839758
 30.94483 0.573 0.7188782 0.66411847 1.3210604 0.054759774
 30.975431 0.917 0.7111867 0.66434073 1.0442761 0.046845954
 31.00613 0.865 0.68224114 0.664563 1.0752066 0.017678112
 31.03683 0.708 0.67892516 0.6647845 1.1884568 0.014140678
 31.067532 0.719 0.66500515 0.66500515 1.1793306 0.0
 31.09823 0.667 0.665225 0.665225 1.2244388 0.0
 31.12883 0.813 0.6654434 0.6654434 1.1090592 0.0
 31.15953 0.698 0.6656617 0.6656617 1.1969397 0.0
 31.190231 0.833 0.66587925 0.66587925 1.0956643 0.0
 31.22093 0.698 0.666096 0.666096 1.1969397 0.0
 31.25163 0.854 0.6663119 0.6663119 1.0821091 0.0
 31.28223 0.573 0.6665264 0.6665264 1.3210604 0.0
 31.312931 0.802 0.6667408 0.6667408 1.116639 0.0
 31.343632 0.823 0.66695434 0.66695434 1.1023006 0.0
 31.37433 0.792 0.6671671 0.6671671 1.1236664 0.0
 31.40493 0.74 0.6673784 0.6673784 1.1624764 0.0
 31.43563 0.792 0.66758966 0.66758966 1.1236664 0.0
 31.466331 0.583 0.6678001 0.6678001 1.3096815 0.0
 31.49703 0.844 0.66800976 0.66800976 1.0885009 0.0
 31.52773 0.75 0.6682186 0.6682186 1.1547005 0.0
 31.55833 0.781 0.668426 0.668426 1.1315519 0.0
 31.589031 0.75 0.6686333 0.6686333 1.1547005 0.0
 31.61973 0.833 0.66883975 0.66883975 1.0956643 0.0
 31.65043 0.708 0.6690455 0.6690455 1.1884568 0.0
 31.681131 0.74 0.6692504 0.6692504 1.1624764 0.0
 31.711731 0.635 0.66945386 0.66945386 1.2549117 0.0
 31.742432 0.687 0.66965723 0.66965723 1.2064842 0.0
 31.77313 0.74 0.66985977 0.66985977 1.1624764 0.0
 31.803831 0.625 0.6700615 0.6700615 1.264911 0.0
 31.834532 0.688 0.6702625 0.6702625 1.205607 0.0
 31.865131 0.698 0.6704621 0.6704621 1.1969397 0.0
 31.89583 0.792 0.67066145 0.67066145 1.1236664 0.0
 31.92653 0.542 0.6708601 0.6708601 1.3583145 0.0
 31.957232 0.844 0.67105794 0.67105794 1.0885009 0.0
 31.987831 0.771 0.67125434 0.67125434 1.1388664 0.0
 32.01853 0.729 0.67145056 0.67145056 1.171214 0.0
 32.049232 0.854 0.67164606 0.67164606 1.0821091 0.0
 32.07993 0.812 0.6718407 0.6718407 1.1097419 0.0
 32.11063 0.688 0.6720346 0.6720346 1.205607 0.0
 32.14123 0.76 0.6722271 0.6722271 1.1470786 0.0
 32.171932 1.052 0.6724194 0.6724194 0.97497195 0.0
 32.20263 0.865 0.67261094 0.67261094 1.0752066 0.0
 32.23333 0.844 0.6728017 0.6728017 1.0885009 0.0
 32.26403 1.125 0.67299163 0.67299163 0.94280905 0.0
 32.294632 0.812 0.67318016 0.67318016 1.1097419 0.0
 32.325333 0.875 0.6733686 0.6733686 1.069045 0.0
 32.35603 0.969 0.67355615 0.67355615 1.01587 0.0
 32.38673 0.76 0.67374295 0.67374295 1.1470786 0.0
 32.41743 0.823 0.67394364 0.673929 1.1023006 1.4665019E-5
 32.448032 0.802 0.67420495 0.67411363 1.116639 9.132675E-5
 32.47873 0.854 0.6747895 0.67429805 1.0821091 4.9144344E-4
 32.50943 0.917 0.67705643 0.6744817 1.0442761 0.0025747346
 32.54013 0.865 0.68796456 0.67466456 1.0752066 0.013300001
 32.570732 0.74 0.74201274 0.67484605 1.1624764 0.06716669
 32.60143 0.854 0.74584043 0.6750274 1.0821091 0.07081306
 32.63213 0.896 0.7541224 0.67520785 1.0564429 0.07891453
 32.66283 0.75 0.784211 0.67538756 1.1547005 0.10882339
 32.69353 0.854 0.78882825 0.6755665 1.0821091 0.113261774
 32.724133 0.719 0.79370326 0.67574406 1.1793306 0.1179592
 32.75483 0.781 0.79889554 0.6759214 1.1315519 0.12297415
 32.78553 1.0 0.8044142 0.676098 1.0 0.12831627
 32.81623 0.885 0.81028885 0.67627376 1.062988 0.13401508
 32.84693 0.875 0.8165505 0.67644876 1.069045 0.14010178
 32.87753 0.917 0.82321006 0.6766224 1.0442761 0.1465877
 32.90823 0.708 0.8303572 0.6767958 1.1884568 0.1535614
 32.93893 0.865 0.83801395 0.6769684 1.0752066 0.16104552
 32.96963 0.844 0.846232 0.67714024 1.0885009 0.16909173
 33.00033 0.948 0.8550673 0.6773113 1.02706 0.17775603
 33.03093 0.938 0.8645488 0.677481 1.0325203 0.18706779
 33.06163 0.75 0.8748208 0.6776505 1.1547005 0.19717032
 33.09233 0.875 0.885935 0.6778192 1.069045 0.20811582
 33.12303 0.854 0.8979854 0.6779871 1.0821091 0.21999831
 33.15363 1.156 0.91103214 0.67815363 0.93008167 0.23287848
 33.18433 1.063 0.92529875 0.67832 0.9699143 0.24697879
 33.21503 1.208 0.94088703 0.6784855 0.90984315 0.26240152
 33.24573 1.063 0.95796907 0.67865026 0.9699143 0.2793188
 33.276432 1.083 0.97674054 0.67881423 0.96091676 0.2979263
 33.30703 0.979 0.997355 0.6789769 1.0106683 0.3183781
 33.33773 1.25 1.0202398 0.67913926 0.8944272 0.34110054
 33.36843 1.042 1.0456504 0.67930084 0.9796392 0.3663495
 33.39913 1.0 1.0739781 0.67946166 1.0 0.39451644
 33.429832 1.313 1.1056842 0.6796217 0.87270534 0.4260625
 33.46043 1.052 1.1411941 0.6797804 0.97497195 0.46141368
 33.49113 1.042 1.1814566 0.67993885 0.9796392 0.50151765
 33.52183 1.104 1.2271945 0.6800965 0.9517337 0.54709804
 33.552532 1.344 1.2794582 0.6802534 0.86258197 0.5992048
 33.58323 1.073 1.3395442 0.6804095 0.96538407 0.65913475
 33.61383 1.281 1.4088317 0.6805643 0.8835384 0.72826743
 33.64453 1.26 1.4899435 0.6807188 0.8908708 0.8092247
 33.675232 1.781 1.5853907 0.6808725 0.7493212 0.9045182
 33.705933 1.614 1.6987495 0.68102545 0.7871332 1.0177242
 33.73653 1.833 1.83428 0.6811771 0.7386161 1.1531029
 33.76723 1.781 1.9994926 0.6813285 0.7493212 1.3181641
 33.79793 2.219 2.203003 0.68147904 0.67130727 1.521524
 33.828632 2.666 2.4577022 0.6816288 0.612449 1.7760733
 33.85933 2.958 2.7823002 0.68177783 0.58143467 2.1005225
 33.88993 3.615 3.2033327 0.68192554 0.5259517 2.5214071
 33.92063 4.896 3.7680132 0.682073 0.45193845 3.0859401
 33.951332 6.375 4.547943 0.6822196 0.396059 3.8657234
 33.98203 7.27 5.672174 0.6823655 0.37087947 4.9898086
 34.01273 9.02 7.392029 0.6825105 0.3329636 6.7095184
 34.04333 12.176 10.24516 0.6826543 0.2865812 9.562506
 34.07403 16.103 15.515209 0.6827978 0.24919918 14.832412
 34.104733 25.428 25.741869 0.6829405 0.19830967 25.058928
 34.13543 42.147 44.080814 0.6830824 0.15403402 43.39773
 34.16613 69.651 68.88295 0.68322355 0.119821936 68.19973
 34.19673 83.317 82.273094 0.6833634 0.10955525 81.58973
 34.227432 66.662 71.12336 0.683503 0.122478776 70.43986
 34.25813 58.731 60.022495 0.68364173 0.13048671 59.338856
 34.28883 49.335 49.573807 0.68377966 0.1423713 48.890026
 34.31943 30.115 32.597088 0.6839164 0.18222526 31.91317
 34.350132 19.592 19.332344 0.6840528 0.22592309 18.64829
 34.380833 12.02 12.008283 0.6841884 0.28843486 11.324095
 34.41153 8.166 8.23834 0.68432325 0.3499414 7.554017
 34.44223 6.302 6.1566315 0.68445724 0.3983463 5.472174
 34.47283 5.136 4.8659887 0.6845901 0.44125283 4.181399
 34.503532 3.843 3.9878535 0.68472254 0.51011115 3.3031309
 34.53423 2.833 3.3619018 0.6848542 0.5941235 2.6770475
 34.56493 3.177 2.8994038 0.6849851 0.5610369 2.2144186
 34.59563 2.614 2.5478523 0.68511516 0.61851066 1.862737
 34.626232 2.156 2.2752318 0.6852441 0.6810447 1.5899879
 34.65693 2.052 2.0579572 0.6853726 0.69808984 1.3725846
 34.68763 1.76 1.8825786 0.6855003 0.75377834 1.1970783
 34.71833 1.667 1.7389376 0.6856273 0.7745192 1.0533104
 34.74903 1.375 1.6198065 0.6857534 0.8528029 0.9340531
 34.779633 1.437 1.5202552 0.6858784 0.83420277 0.8343769
 34.81033 1.563 1.4356005 0.68600297 0.79987204 0.7495975
 34.84103 1.229 1.363264 0.68612677 0.90203637 0.67713726
 34.87173 1.323 1.3009712 0.6862498 0.86940086 0.6147214
 34.902332 1.135 1.2471393 0.68637156 0.9386465 0.5607677
 34.93303 1.094 1.1999611 0.68649304 0.95607364 0.5134681
 34.96373 0.979 1.158533 0.6866137 1.0106683 0.4719193
 34.99443 1.427 1.1219547 0.68673354 0.8371206 0.4352212
 35.02513 1.125 1.0895022 0.6868526 0.94280905 0.40264964
 35.055733 1.146 1.0606841 0.6869705 0.9341308 0.37371358
 35.08643 1.135 1.0347894 0.68708795 0.9386465 0.34770143
 35.11713 0.99 1.0115207 0.68720466 1.0050378 0.32431608
 35.14783 1.021 0.990534 0.6873206 0.9896625 0.3032134
 35.17853 0.906 0.9715433 0.68743575 1.0505964 0.28410757
 35.20913 0.917 0.9543677 0.6875497 1.0442761 0.26681805
 35.23983 0.885 0.938669 0.68766326 1.062988 0.2510058
 35.27053 1.073 0.92433536 0.687776 0.96538407 0.23655933
 35.30123 1.0 0.9112126 0.68788797 1.0 0.22332466
 35.331932 1.042 0.8991704 0.6879992 0.9796392 0.21117122
 35.36253 1.073 0.8881349 0.6881092 0.96538407 0.20002566
 35.39323 0.99 0.8779223 0.68821883 1.0050378 0.18970345
 35.42393 1.0 0.86848724 0.68832767 1.0 0.18015958
 35.45463 1.083 0.8597544 0.68843573 0.96091676 0.1713187
 35.48523 1.021 0.8516865 0.6885426 0.9896625 0.16314387
 35.51593 0.823 0.84416276 0.68864906 1.1023006 0.15551369
 35.54663 0.792 0.83716136 0.68875474 1.1236664 0.14840658
 35.57733 0.812 0.83063495 0.68885964 1.1097419 0.14177531
 35.608032 0.865 0.8245431 0.6889638 1.0752066 0.13557939
 35.63863 0.75 0.8188715 0.6890667 1.1547005 0.12980479
 35.66933 0.656 0.81353945 0.6891693 1.2346619 0.1243702
 35.70003 0.865 0.8085317 0.689271 1.0752066 0.11926071
 35.730732 0.823 0.80378777 0.68937194 1.1023006 0.114415824
 35.761433 0.844 0.79907954 0.68947214 1.0885009 0.10960744
 35.79203 0.781 0.79326546 0.68957114 1.1315519 0.10369432
 35.82273 0.656 0.77993053 0.6896698 1.2346619 0.09026078
 35.85343 0.792 0.7245897 0.68976754 1.1236664 0.034822136
 35.884132 0.854 0.7225312 0.6898646 1.0821091 0.032666627
 35.91483 0.792 0.7166998 0.6899608 1.1236664 0.026739005
 35.94543 0.771 0.69006217 0.6900559 1.1388664 6.225917E-6
 35.97613 0.875 0.69015706 0.69015056 1.069045 6.498503E-6
 36.006832 0.844 0.69025123 0.69024444 1.0885009 6.7891956E-6
 36.03753 0.781 0.69034463 0.69033754 1.1315519 7.1000977E-6
 36.06813 0.76 0.69043696 0.6904295 1.1470786 7.4315526E-6
 36.09883 0.76 0.6905288 0.690521 1.1470786 7.788147E-6
 36.12953 0.75 0.6906199 0.6906117 1.1547005 8.171072E-6
 36.160233 0.792 0.69071025 0.69070166 1.1236664 8.583022E-6
 36.19093 0.708 0.69079983 0.6907908 1.1884568 9.026933E-6
 36.22153 0.854 0.69088835 0.69087887 1.0821091 9.50432E-6
 36.25223 0.99 0.69097644 0.6909664 1.0050378 1.0022619E-5
 36.282932 0.812 0.69106376 0.6910532 1.1097419 1.0584563E-5
 36.31363 0.802 0.69115037 0.69113916 1.116639 1.1195247E-5
 36.34433 0.812 0.69123626 0.6912244 1.1097419 1.1860368E-5
 36.37493 0.594 0.6913211 0.6913085 1.2974982 1.2583735E-5
 36.405632 0.698 0.69140553 0.6913921 1.1969397 1.3378488E-5
 36.436333 0.844 0.6914892 0.691475 1.0885009 1.42511035E-5
 36.46703 0.729 0.69157225 0.69155705 1.171214 1.5212185E-5
 36.49773 0.729 0.6916553 0.6916383 1.171214 1.699381E-5
 36.52833 0.771 0.6917408 0.6917185 1.1388664 2.2326562E-5
 36.559032 0.781 0.6918458 0.69179815 1.1315519 4.7589005E-5
 36.58973 0.771 0.6920631 0.69187707 1.1388664 1.8601044E-4
 36.62043 0.667 0.69290596 0.6919552 1.2244388 9.5075794E-4
 36.65103 0.552 0.6930298 0.6920323 1.3459548 9.975783E-4
 36.681732 0.812 0.6932111 0.6921088 1.1097419 0.0011022706
 36.71243 0.552 0.6937033 0.69218457 1.3459548 0.0015187191
 36.74313 0.573 0.69383657 0.6922595 1.3210604 0.0015770938
 36.77383 0.708 0.69397277 0.6923337 1.1884568 0.0016390615
 36.804432 0.594 0.6941115 0.69240683 1.2974982 0.0017046997
 36.835133 0.76 0.69425434 0.69247943 1.1470786 0.0017748884
 36.86583 0.469 0.6944011 0.69255126 1.4602041 0.0018498438
 36.89653 0.76 0.69455236 0.69262224 1.1470786 0.001930101
 36.92723 0.573 0.69470876 0.69269246 1.3210604 0.00201628
 36.957832 0.76 0.6948705 0.6927617 1.1470786 0.002108782
 36.98853 0.625 0.69503963 0.6928304 1.264911 0.0022092594
 37.01923 0.677 0.69521683 0.6928982 1.2153621 0.002318617
 37.04993 0.573 0.6954038 0.6929653 1.3210604 0.0024385
 37.08063 0.646 0.6956028 0.6930316 1.2441815 0.0025711579
 37.111233 0.74 0.6958162 0.69309694 1.1624764 0.0027193034
 37.14193 0.667 0.6960508 0.6931616 1.2244388 0.0028892069
 37.17263 0.698 0.6963148 0.69322556 1.1969397 0.0030892515
 37.20333 0.729 0.6966253 0.69328874 1.171214 0.0033366003
 37.233932 0.708 0.6970172 0.69335085 1.1884568 0.003666341
 37.26463 0.729 0.69756746 0.6934124 1.171214 0.0041550053
 37.29533 0.854 0.6983917 0.6934732 1.0821091 0.0049184225
 37.32603 0.729 0.6995578 0.69353324 1.171214 0.006024552
 37.35673 0.771 0.70074075 0.6935924 1.1388664 0.007148347
 37.38733 0.823 0.70105207 0.69365066 1.1023006 0.0074014356
 37.41803 0.542 0.7008021 0.6937083 1.3583145 0.007093801
 37.44873 0.74 0.7008241 0.69376516 1.1624764 0.007058919
 37.47943 0.583 0.70077044 0.6938212 1.3096815 0.006949236
 37.51013 0.573 0.7005062 0.69387645 1.3210604 0.0066297455
 37.54073 0.646 0.70044684 0.69393075 1.2441815 0.006516049
 37.57143 0.635 0.7006459 0.69398445 1.2549117 0.0066614365
 37.60213 0.719 0.7010255 0.6940374 1.1793306 0.006988101
 37.63283 0.604 0.70152915 0.6940895 1.2867125 0.0074396655
 37.663532 0.469 0.7021339 0.6941408 1.4602041 0.007993097
 37.69413 0.469 0.70283455 0.6941912 1.4602041 0.008643323
 37.72483 0.74 0.70364434 0.6942409 1.1624764 0.009403384
 37.75553 0.729 0.70457613 0.6942899 1.171214 0.01028622
 37.786232 0.74 0.7056512 0.6943381 1.1624764 0.011313144
 37.81683 0.677 0.70689327 0.69438535 1.2153621 0.012507947
 37.84753 0.531 0.7083492 0.69443196 1.3723116 0.013917283
 37.87823 0.604 0.7100648 0.69447774 1.2867125 0.015587039
 37.90893 0.948 0.71210665 0.6945228 1.02706 0.017583875
 37.939632 0.646 0.7145643 0.694567 1.2441815 0.019997261
 37.97023 0.979 0.7175486 0.69461036 1.0106683 0.022938274
 38.00093 0.969 0.7212544 0.69465303 1.01587 0.02660136
 38.03163 0.813 0.72592044 0.6946949 1.1090592 0.031225549
 38.062332 0.604 0.7319151 0.694736 1.2867125 0.037179116
 38.09303 0.885 0.73979956 0.6947763 1.062988 0.04502329
 38.12363 0.937 0.75042504 0.6948157 1.033071 0.055609338
 38.15433 0.688 0.76538116 0.69485444 1.205607 0.07052676
 38.18503 0.719 0.78741795 0.69489235 1.1793306 0.09252559
 38.215733 0.844 0.8221914 0.6949295 1.0885009 0.12726192
 38.24643 0.885 0.8818128 0.6949659 1.062988 0.18684696
 38.27703 1.021 0.9896932 0.69500136 0.9896625 0.29469186
 38.30773 1.427 1.1812719 0.6950361 0.8371206 0.48623574
 38.338432 2.021 1.4672781 0.69507015 0.70342344 0.77220803
 38.36913 2.0 1.720027 0.69510335 0.70710677 1.0249237
 38.39973 1.854 1.6806873 0.69513565 0.7344211 0.9855516
 38.43043 1.812 1.5093343 0.6951673 0.7428838 0.814167
 38.461132 1.583 1.4212785 0.6951982 0.7948031 0.72608036
 38.491833 1.344 1.2910756 0.6952282 0.86258197 0.59584737
 38.52253 1.146 1.089178 0.6952575 0.9341308 0.39392045
 38.55313 0.948 0.9388786 0.6952859 1.02706 0.24359268
 38.58383 0.833 0.85183775 0.69531363 1.0956643 0.15652415
 38.614532 0.948 0.8036143 0.6953405 1.02706 0.10827379
 38.64523 0.823 0.77533686 0.6953667 1.1023006 0.0799702
 38.67593 0.729 0.7572029 0.695392 1.171214 0.061810914
 38.70653 0.698 0.74475986 0.69541645 1.1969397 0.049343422
 38.737232 0.656 0.73574436 0.69544023 1.2346619 0.040304102
 38.76793 0.656 0.7290189 0.6954632 1.2346619 0.033555713
 38.79863 0.937 0.72386616 0.6954854 1.033071 0.028380767
 38.82933 0.708 0.7198304 0.6955068 1.1884568 0.02432363
 38.859932 0.687 0.7166217 0.6955273 1.2064842 0.021094332
 38.890633 0.75 0.71400946 0.69554716 1.1547005 0.01846231
 38.92133 0.688 0.7118621 0.6955662 1.205607 0.01629591
 38.95203 0.729 0.71007556 0.6955845 1.171214 0.014491122
 38.98263 0.583 0.7085789 0.6956019 1.3096815 0.012977015
 39.013332 0.76 0.70730335 0.6956185 1.1470786 0.011684817
 39.04403 0.854 0.70621145 0.6956344 1.0821091 0.010577034
 39.07473 0.552 0.70526946 0.6956495 1.3459548 0.009619953
 39.10543 0.781 0.70445096 0.6956638 1.1315519 0.008787113
 39.136032 0.698 0.7037362 0.69567734 1.1969397 0.00805887
 39.16673 0.896 0.7031074 0.69569004 1.0564429 0.00741736
 39.19743 0.698 0.7025515 0.695702 1.1969397 0.0068494845
 39.22813 0.823 0.70205665 0.69571316 1.1023006 0.0063434863
 39.25883 0.625 0.70161617 0.69572353 1.264911 0.0058925985
 39.289433 0.656 0.70122284 0.6957331 1.2346619 0.0054897107
 39.32013 0.625 0.7008675 0.6957419 1.264911 0.0051255585
 39.35083 0.646 0.70054644 0.69574994 1.2441815 0.004796517
 39.38153 0.656 0.70025533 0.69575715 1.2346619 0.0044981837
 39.41223 0.802 0.69999045 0.6957636 1.116639 0.0042268666
 39.44283 0.75 0.6997495 0.6957692 1.1547005 0.0039803293
 39.47353 0.771 0.69952804 0.6957741 1.1388664 0.0037539664
 39.50423 0.719 0.6993245 0.69577813 1.1793306 0.0035463765
 39.53493 0.635 0.699137 0.6957814 1.2549117 0.003355551
 39.565533 0.667 0.6989643 0.6957839 1.2244388 0.003180398
 39.59623 0.76 0.69880366 0.69578564 1.1470786 0.0030180444
 39.62693 0.521 0.69865435 0.69578654 1.385419 0.0028678183
 39.65763 0.594 0.69851524 0.69578665 1.2974982 0.0027285297
 39.68833 0.625 0.6983852 0.695786 1.264911 0.0025991504
 39.71893 0.708 0.6982638 0.69578457 1.1884568 0.0024792203
 39.74963 0.823 0.6981494 0.69578236 1.1023006 0.0023670082
 39.78033 0.635 0.6980416 0.6957793 1.2549117 0.0022622475
 39.81103 0.708 0.6979398 0.69577557 1.1884568 0.0021642842
 39.841732 0.698 0.6978435 0.695771 1.1969397 0.002072549
 39.87233 0.677 0.6977525 0.6957656 1.2153621 0.0019868538
 39.90303 0.75 0.6976655 0.6957594 1.1547005 0.001906079
 39.93373 0.76 0.6975826 0.6957525 1.1470786 0.0018301319
 39.96443 0.76 0.6975034 0.69574475 1.1470786 0.0017586293
 39.995132 0.677 0.69742745 0.6957362 1.2153621 0.0016912359
 40.02573 0.635 0.6973548 0.69572693 1.2549117 0.001627886
 40.05643 0.552 0.6972841 0.6957168 1.3459548 0.0015672877
 40.08713 0.635 0.6972132 0.69570595 1.2549117 0.0015072323
 40.117832 0.781 0.6971277 0.69569427 1.1315519 0.0014334813
 40.14843 0.688 0.6969428 0.6956818 1.205607 0.0012610061
 40.17913 0.646 0.6961536 0.6956686 1.2441815 4.850066E-4
 40.20983 0.719 0.69613796 0.6956545 1.1793306 4.8347042E-4
 40.240532 0.781 0.696205 0.69563967 1.1315519 5.653524E-4
 40.271233 0.802 0.69679326 0.69562405 1.116639 0.0011691812
 40.30183 0.635 0.70278233 0.6956077 1.2549117 0.007174592
 40.33253 0.75 0.7387863 0.69559056 1.1547005 0.043195754
 40.36323 0.667 0.7403006 0.69557256 1.2244388 0.04472806
 40.393932 0.698 0.7423046 0.6955538 1.1969397 0.046750855
 40.42463 0.854 0.7469364 0.6955342 1.0821091 0.051402163
 40.45523 0.781 0.7667715 0.69551396 1.1315519 0.07125756
 40.48593 0.865 0.76927173 0.6954928 1.0752066 0.0737789
 40.516632 0.802 0.7719075 0.6954709 1.116639 0.076436624
 40.54733 0.906 0.7746892 0.6954482 1.0505964 0.07924101
 40.57803 0.854 0.77762747 0.6954247 1.0821091 0.082202755
 40.60863 0.719 0.78072184 0.6954005 1.1793306 0.08532135
 40.63933 0.896 0.78400904 0.69537544 1.0564429 0.088633634
 40.670033 1.021 0.78749275 0.6953496 0.9896625 0.092143156
 40.70073 0.719 0.7911885 0.69532293 1.1793306 0.095865525
 40.73133 0.854 0.795098 0.6952956 1.0821091 0.09980245
 40.76203 0.885 0.7992705 0.6952674 1.062988 0.10400314
 40.792732 0.885 0.80371344 0.69523835 1.062988 0.10847508
 40.82343 0.74 0.8084512 0.69520855 1.1624764 0.11324259
 40.85413 0.771 0.81350976 0.695178 1.1388664 0.11833177
 40.88473 0.75 0.818897 0.69514674 1.1547005 0.123750314
 40.915432 0.865 0.8246869 0.69511455 1.0752066 0.12957233
 40.946133 0.865 0.8308973 0.6950816 1.0752066 0.13581568
 40.97683 0.854 0.8375705 0.69504786 1.0821091 0.1425226
 41.00753 0.833 0.84475285 0.69501334 1.0956643 0.14973947
 41.03813 0.865 0.85246605 0.6949782 1.0752066 0.1574879
 41.068832 0.875 0.86082864 0.69494206 1.069045 0.16588657
 41.09953 0.781 0.8698817 0.69490516 1.1315519 0.17497648
 41.13023 0.781 0.87970406 0.6948675 1.1315519 0.18483657
 41.16093 0.719 0.8903844 0.69482905 1.1793306 0.19555531
 41.191532 1.0 0.90197814 0.69478995 1.0 0.2071882
 41.22223 1.094 0.9146917 0.6947499 0.95607364 0.21994178
 41.25293 0.937 0.9286226 0.69470906 1.033071 0.23391353
 41.28363 0.854 0.9439297 0.69466746 1.0821091 0.24926223
 41.31423 1.062 0.9607313 0.6946252 0.9703708 0.2661061
 41.344933 0.74 0.9793742 0.69458205 1.1624764 0.28479216
 41.37563 1.125 1.0000598 0.69453806 0.94280905 0.30552185
 41.40633 0.948 1.0231001 0.6944933 1.02706 0.32860687
 41.43703 0.938 1.0488635 0.69444776 1.0325203 0.35441577
 41.467632 1.114 1.0776776 0.69440156 0.9474524 0.38327608
 41.49833 1.094 1.1103007 0.6943545 0.95607364 0.4159462
 41.52903 1.052 1.1472958 0.69430655 0.97497195 0.4529893
 41.55973 1.24 1.1894853 0.69425786 0.8980265 0.49522752
 41.59043 1.188 1.2378842 0.6942083 0.9174698 0.54367584
 41.621033 1.406 1.2935423 0.69415826 0.84334904 0.59938407
 41.65173 1.271 1.3585051 0.6941072 0.88700736 0.664398
 41.68243 1.292 1.4346836 0.6940553 0.8797692 0.74062824
 41.71313 1.74 1.5248282 0.6940027 0.75809807 0.8308255
 41.74383 1.594 1.6325654 0.6939493 0.7920559 0.9386161
 41.77443 1.823 1.7622485 0.6938952 0.74063915 1.0683533
 41.80513 2.0 1.9215683 0.69384027 0.70710677 1.2277281
 41.83583 2.281 2.1195621 0.6937845 0.662121 1.4257778
 41.86653 2.594 2.3698142 0.69372785 0.6208905 1.6760863
 41.89713 3.135 2.691085 0.6936707 0.5647825 1.9974145
 41.92783 3.573 3.1165683 0.6936126 0.5290339 2.4229558
 41.95853 4.594 3.6947312 0.6935536 0.4665568 3.0011775
 41.98923 5.583 4.5101852 0.6934939 0.42322 3.8166912
 42.01993 6.812 5.720459 0.6934334 0.3831446 5.0270257
 42.05053 8.916 7.6373553 0.69337225 0.33489987 6.943983
 42.08123 12.688 10.929681 0.6933102 0.28073943 10.23637
 42.11193 18.001 16.761478 0.6932473 0.23569572 16.06823
 42.14263 26.511 26.536219 0.69318366 0.19421686 25.843035
 42.173332 40.497 39.818108 0.6931192 0.15714066 39.12499
 42.20393 48.142 49.085968 0.6930542 0.14412454 48.392914
 42.23463 42.424 45.0152 0.69298816 0.15353033 44.322212
 42.26533 35.511 37.381546 0.69292134 0.16781028 36.688625
 42.296032 33.543 34.107853 0.69285375 0.17266291 33.415
 42.326733 28.935 29.76658 0.6927853 0.1859038 29.073795
 42.35733 21.228 21.242067 0.6927164 0.21704283 20.54935
 42.38803 13.739 13.798809 0.69264644 0.26978788 13.106163
 42.41873 9.593 9.181646 0.6925757 0.32286635 8.48907
 42.449432 7.25 6.532665 0.69250417 0.37139067 5.840161
 42.48003 5.125 4.9797587 0.69243205 0.44172612 4.287327
 42.51073 4.313 3.991676 0.6923589 0.4815155 3.2993171
 42.54143 3.468 3.3179462 0.69228506 0.5369829 2.6256611
 42.572132 2.989 2.8339303 0.6922103 0.57841164 2.1417198
 42.60283 2.375 2.4734797 0.69213486 0.64888567 1.7813449
 42.63343 2.146 2.198545 0.69205886 0.68262964 1.5064862
 42.66413 1.854 1.9823914 0.6919818 0.7344211 1.2904096
 42.69483 1.833 1.8099066 0.69190395 0.7386161 1.1180027
 42.725533 1.396 1.67 0.69182533 0.8463642 0.97817457
 42.75623 1.479 1.5549139 0.69174594 0.8222728 0.86316794
 42.78683 1.438 1.4594307 0.69166595 0.8339126 0.7677647
 42.81753 1.313 1.378733 0.691585 0.87270534 0.68714803
 42.848232 1.177 1.3101503 0.6915032 0.9217471 0.6186471
 42.87893 1.167 1.2513584 0.6914206 0.92568785 0.5599377
 42.90963 1.104 1.2005773 0.6913373 0.9517337 0.5092399
 42.94023 1.271 1.1566132 0.6912534 0.88700736 0.46535987
 42.970932 1.052 1.1182536 0.6911685 0.97497195 0.42708513
 43.001633 1.052 1.0842032 0.6910828 0.97497195 0.39312044
 43.03233 1.146 1.0540675 0.6909963 0.9341308 0.3630712
 43.06293 0.99 1.027387 0.69090927 1.0050378 0.33647773
 43.09363 1.104 1.0035957 0.6908212 0.9517337 0.31277457
 43.124332 0.906 0.9821112 0.6907323 1.0505964 0.29137895
 43.15503 0.896 0.96276057 0.69064265 1.0564429 0.27211788
 43.18573 0.813 0.9452696 0.69055223 1.1090592 0.25471738
 43.21633 1.135 0.9294671 0.6904613 0.9386465 0.23900582
 43.247032 0.948 0.91503507 0.69036925 1.02706 0.22466579
 43.27773 1.01 0.9018667 0.69027644 0.9950372 0.21159019
 43.30843 0.885 0.889817 0.69018286 1.062988 0.19963415
 43.33913 0.854 0.8787629 0.6900885 1.0821091 0.18867444
 43.36973 0.885 0.8686363 0.6899936 1.062988 0.17864268
 43.400433 0.854 0.8592665 0.68989766 1.0821091 0.16936885
 43.43113 0.823 0.8506113 0.6898009 1.1023006 0.16081041
 43.46183 0.677 0.8425992 0.6897034 1.2153621 0.15289585
 43.49253 1.083 0.83516836 0.68960506 0.96091676 0.14556329
 43.523132 0.917 0.82829046 0.6895063 1.0442761 0.1387842
 43.55383 0.813 0.8218645 0.6894064 1.1090592 0.13245808
 43.58453 0.937 0.8158734 0.6893057 1.033071 0.12656769
 43.61523 0.719 0.8102796 0.6892042 1.1793306 0.12107534
 43.645832 0.698 0.8050694 0.6891023 1.1969397 0.11596704
 43.676533 0.854 0.8001727 0.6889993 1.0821091 0.11117343
 43.70723 0.708 0.7955825 0.68889546 1.1884568 0.106687054
 43.73793 0.906 0.7912743 0.6887908 1.0505964 0.10248349
 43.76863 0.896 0.7872268 0.6886854 1.0564429 0.098541394
 43.799232 0.74 0.78343534 0.68857956 1.1624764 0.0948558
 43.82993 0.781 0.7798537 0.68847257 1.1315519 0.09138112
 43.86063 0.927 0.7764807 0.6883648 1.0386282 0.08811586
 43.89133 0.844 0.7733022 0.68825626 1.0885009 0.08504592
 43.92203 0.844 0.770306 0.6881469 1.0885009 0.08215908
 43.95263 0.75 0.76749206 0.68803716 1.1547005 0.07945493
 43.98333 0.719 0.764809 0.68792623 1.1793306 0.076882765
 44.01403 0.708 0.7621671 0.68781453 1.1884568 0.07435261
 44.04473 0.885 0.7589398 0.687702 1.062988 0.07123779
 44.07543 0.656 0.75113076 0.68758875 1.2346619 0.06354204
 44.10603 0.75 0.71398073 0.687475 1.1547005 0.026505679
 44.13673 0.958 0.713269 0.68736017 1.0216855 0.025908843
 44.16743 0.885 0.7122666 0.68724453 1.062988 0.025022103
 44.19813 0.885 0.70901585 0.68712807 1.062988 0.021887789
 44.22873 0.906 0.6913443 0.68701124 1.0505964 0.004333087
 44.25943 0.781 0.69163185 0.6868932 1.1315519 0.004738607
 44.29013 0.708 0.69197845 0.68677443 1.1884568 0.005204015
 44.32083 0.896 0.69239664 0.68665487 1.0564429 0.0057417867
 44.351532 0.792 0.6929022 0.68653446 1.1236664 0.0063677123
 44.38213 0.76 0.69351286 0.6864137 1.1470786 0.007099111
 44.41283 0.844 0.6942599 0.68629175 1.0885009 0.007968103
 44.44353 0.677 0.69517666 0.686169 1.2153621 0.009007628
 44.47423 0.729 0.6963111 0.6860455 1.171214 0.010265629
 44.504932 0.74 0.69772905 0.6859212 1.1624764 0.011807852
 44.53553 0.667 0.6995152 0.6857965 1.2244388 0.013718691
 44.56623 0.74 0.7018163 0.6856706 1.1624764 0.016145693
 44.59693 0.865 0.7048249 0.68554395 1.0752066 0.019280972
 44.627632 0.74 0.70884687 0.6854165 1.1624764 0.023430353
 44.65833 0.687 0.71437526 0.68528825 1.2064842 0.029087
 44.68893 0.781 0.7222314 0.6851596 1.1315519 0.037071742
 44.71963 0.823 0.7341012 0.6850298 1.1023006 0.04907136
 44.75033 0.927 0.7532967 0.6848992 1.0386282 0.06839747
 44.781033 0.906 0.7864007 0.6847678 1.0505964 0.10163287
 44.81163 0.865 0.84390336 0.68463606 1.0752066 0.1592673
 44.84233 0.979 0.9366743 0.6845031 1.0106683 0.25217122
 44.87303 1.083 1.052854 0.6843693 0.96091676 0.36848462
 44.903732 1.052 1.1168284 0.68423474 0.97497195 0.43259367
 44.93443 1.115 1.0675186 0.68409944 0.94702744 0.3834192
 44.96503 1.063 1.0022894 0.6839637 0.9699143 0.31832564
 44.99573 1.094 0.9771859 0.6838268 0.95607364 0.2933591
 45.026432 1.042 0.9470417 0.6836891 0.9796392 0.26335257
 45.057133 0.937 0.8770273 0.68355066 1.033071 0.19347665
 45.08783 0.802 0.8094198 0.68341136 1.116639 0.12600844
 45.11843 0.615 0.76536256 0.68327177 1.2751534 0.08209085
 45.14913 0.646 0.7393242 0.6831309 1.2441815 0.056193333
 45.179832 0.687 0.7239377 0.68298924 1.2064842 0.040948424
 45.21053 0.802 0.71424246 0.68284684 1.116639 0.031395607
 45.24123 0.771 0.7076461 0.6827036 1.1388664 0.024942463
 45.27183 0.542 0.70290405 0.6825601 1.3583145 0.020343991
 45.302532 0.719 0.69932735 0.6824153 1.1793306 0.01691205
 45.33323 0.708 0.6965578 0.6822697 1.1884568 0.014288108
 45.36393 0.708 0.6943588 0.68212336 1.1884568 0.012235482
 45.39453 0.698 0.6925813 0.6819767 1.1969397 0.010604631
 45.425232 0.635 0.691106 0.68182874 1.2549117 0.009277284
 45.455933 0.781 0.68986607 0.68168 1.1315519 0.008186035
 45.48663 0.698 0.68880814 0.6815305 1.1969397 0.0072776736
 45.51733 0.594 0.6878935 0.6813802 1.2974982 0.0065133045
 45.54793 0.604 0.68709594 0.6812296 1.2867125 0.0058663194
 45.578632 0.49 0.6863874 0.6810777 1.4285715 0.0053097024
 45.60933 0.677 0.6857541 0.6809251 1.2153621 0.00482904
 45.64003 0.625 0.68518263 0.6807716 1.264911 0.0044110306
 45.67073 0.646 0.6846626 0.68061733 1.2441815 0.004045207
 45.701332 0.729 0.68418723 0.68046284 1.171214 0.0037244265
 45.73203 0.531 0.6837465 0.68030703 1.3723116 0.003439471
 45.76273 0.562 0.6833365 0.6801504 1.3339263 0.0031861006
 45.79343 0.573 0.6829528 0.67999303 1.3210604 0.0029597841
 45.82413 0.615 0.6825916 0.67983484 1.2751534 0.002756797
 45.854733 0.698 0.68225116 0.6796764 1.1969397 0.0025747316
 45.88543 0.677 0.68192625 0.6795166 1.2153621 0.0024095795
 45.91613 0.51 0.68161595 0.6793561 1.4002801 0.0022598405
 45.94683 0.687 0.6813184 0.67919475 1.2064842 0.0021236541
 45.977432 0.51 0.6810331 0.67903316 1.4002801 0.001999909
 46.00813 0.823 0.68075657 0.67887026 1.1023006 0.0018862892
 46.03883 0.604 0.6804887 0.6787066 1.2867125 0.0017820972
 46.06953 0.646 0.6802284 0.6785421 1.2441815 0.001686309
 46.10023 0.615 0.67997485 0.67837685 1.2751534 0.0015980453
 46.130833 0.708 0.67972815 0.67821133 1.1884568 0.0015168532
 46.16153 0.646 0.6794859 0.6780445 1.2441815 0.0014414346
 46.19223 0.854 0.67924833 0.67787683 1.0821091 0.0013715093
 46.22293 0.76 0.679015 0.67770845 1.1470786 0.0013065506
 46.25363 0.656 0.6787853 0.6775392 1.2346619 0.0012461003
 46.28423 0.615 0.6785598 0.6773698 1.2751534 0.0011899694
 46.31493 0.635 0.6783364 0.677199 1.2549117 0.001137363
 46.34563 0.719 0.6781156 0.67702746 1.1793306 0.0010881716
 46.37633 0.594 0.67789716 0.6768551 1.2974982 0.0010421019
 46.407032 0.625 0.67768085 0.67668194 1.264911 9.988963E-4
 46.43763 0.646 0.67746705 0.67650855 1.2441815 9.5847994E-4
 46.46833 0.646 0.6772542 0.67633384 1.2441815 9.20332E-4
 46.49903 0.687 0.6770428 0.67615837 1.2064842 8.844148E-4
 46.52973 0.667 0.6768326 0.67598206 1.2244388 8.5055886E-4
 46.56033 0.646 0.6766243 0.67580557 1.2441815 8.1873406E-4
 46.59103 0.615 0.6764162 0.67562765 1.2751534 7.8855513E-4
 46.62173 0.531 0.67620903 0.675449 1.3723116 7.600149E-4
 46.65243 0.552 0.67600256 0.6752696 1.3459548 7.329946E-4
 46.683132 0.667 0.67579675 0.67508936 1.2244388 7.0738886E-4
 46.71373 0.74 0.6755921 0.67490894 1.1624764 6.831958E-4
 46.74443 0.677 0.6753871 0.6747271 1.2153621 6.599782E-4
 46.77513 0.604 0.6751815 0.6745445 1.2867125 6.3698005E-4
 46.805832 0.615 0.67497 0.6743611 1.2751534 6.088294E-4
 46.836533 0.698 0.67471737 0.67417693 1.1969397 5.404112E-4
 46.86713 0.719 0.67420113 0.6739926 1.1793306 2.0850709E-4
 46.89783 0.625 0.6740081 0.67380685 1.264911 2.0122826E-4
 46.92853 0.729 0.67381155 0.67362034 1.171214 1.9120645E-4
 46.959232 0.552 0.6736095 0.673433 1.3459548 1.765232E-4
 46.98993 0.562 0.6733648 0.6732449 1.3339263 1.199092E-4
 47.02053 0.583 0.67387563 0.6730566 1.3096815 8.190248E-4
 47.05123 0.927 0.6783474 0.67286694 1.0386282 0.005480511
 47.081932 0.688 0.70842266 0.67267644 1.205607 0.035746235
 47.112633 0.688 0.7093348 0.6724852 1.205607 0.036849625
 47.14323 0.698 0.7103383 0.6722938 1.1969397 0.03804451
 47.17393 0.75 0.7117018 0.67210096 1.1547005 0.0396009
 47.20463 0.531 0.71513945 0.6719073 1.3723116 0.043232158
 47.235332 0.594 0.73168784 0.6717129 1.2974982 0.059974954
 47.26603 0.927 0.73344326 0.6715177 1.0386282 0.061925575
 47.29663 0.76 0.73528713 0.67132235 1.1470786 0.06396477
 47.32733 0.687 0.7372402 0.6711256 1.2064842 0.066114604
 47.358032 0.865 0.7393029 0.670928 1.0752066 0.06837482
 47.38873 0.708 0.741483 0.6707297 1.1884568 0.070753306
 47.41943 0.708 0.7437889 0.67053056 1.1884568 0.07325835
 47.45003 0.802 0.7462196 0.67033124 1.116639 0.07588829
 47.480732 0.854 0.7488037 0.67013055 1.0821091 0.07867314
 47.511433 0.594 0.7515434 0.6699291 1.2974982 0.08161437
 47.54213 0.74 0.7544509 0.6697268 1.1624764 0.084724165
 47.57283 0.698 0.7575392 0.6695237 1.1969397 0.08801552
 47.60343 0.75 0.76080906 0.6693205 1.1547005 0.091488585
 47.634132 0.719 0.7643016 0.66911584 1.1793306 0.095185734
 47.66483 0.698 0.7680227 0.66891044 1.1969397 0.09911227
 47.69553 0.698 0.77199155 0.6687042 1.1969397 0.103287384
 47.72613 0.823 0.7762121 0.66849786 1.1023006 0.107714266
 47.756832 0.708 0.78074044 0.6682901 1.1884568 0.11245037
 47.78753 0.688 0.78558785 0.66808146 1.205607 0.11750636
 47.81823 0.708 0.7907843 0.6678721 1.1884568 0.1229122
 47.84893 0.781 0.7963626 0.6676619 1.1315519 0.12870063
 47.87953 0.667 0.8023348 0.6674517 1.2244388 0.1348831
 47.910233 0.917 0.80878806 0.6672399 1.0442761 0.14154814
 47.94093 0.75 0.815748 0.6670274 1.1547005 0.14872058
 47.97163 0.896 0.82326806 0.6668141 1.0564429 0.156454
 48.00233 0.906 0.831408 0.6666 1.0505964 0.16480802
 48.032932 0.677 0.8401994 0.6663858 1.2153621 0.17381361
 48.06363 0.625 0.8497871 0.6661701 1.264911 0.183617
 48.09433 0.802 0.86022913 0.66595364 1.116639 0.1942755
 48.12503 0.969 0.8716291 0.66573644 1.01587 0.20589271
 48.15573 0.823 0.8841049 0.66551834 1.1023006 0.21858655
 48.186333 0.854 0.89773715 0.66530025 1.0821091 0.23243691
 48.21703 0.906 0.9127896 0.66508067 1.0505964 0.24770893
 48.24773 0.833 0.9294025 0.66486025 1.0956643 0.26454222
 48.27843 0.865 0.9477954 0.66463906 1.0752066 0.2831563
 48.309032 0.771 0.96814364 0.6644178 1.1388664 0.30372584
 48.33973 0.927 0.99091125 0.66419506 1.0386282 0.3267162
 48.37043 0.885 1.0163984 0.6639715 1.062988 0.35242692
 48.40113 0.792 1.0450553 0.66374713 1.1236664 0.38130817
 48.43183 0.917 1.0774245 0.663522 1.0442761 0.4139025
 48.46243 1.083 1.1140174 0.6632968 0.96091676 0.4507206
 48.49313 1.271 1.1559316 0.66307014 0.88700736 0.49286148
 48.52383 1.115 1.2040653 0.66284263 0.94702744 0.54122275
 48.55453 0.969 1.2597144 0.66261435 1.01587 0.59709996
 48.58523 1.198 1.3245196 0.6623853 0.91363263 0.66213435
 48.61583 1.396 1.4002781 0.66215616 0.8463642 0.7381219
 48.64653 1.417 1.4903253 0.66192555 0.84006923 0.8283998
 48.67723 1.323 1.5980817 0.6616941 0.86940086 0.9363876
 48.70793 1.604 1.7285248 0.6614619 0.789583 1.0670629
 48.738632 1.864 1.8884821 0.6612289 0.7324484 1.2272532
 48.76923 2.208 2.0867069 0.66099584 0.6729774 1.4257109
 48.79993 2.458 2.3385127 0.6607613 0.63783604 1.6777514
 48.83063 3.188 2.6638496 0.6605259 0.56006813 2.0033236
 48.861332 3.719 3.0944352 0.66028976 0.51854557 2.4341455
 48.89193 4.333 3.6793885 0.6600536 0.48040295 3.0193348
 48.92263 5.437 4.5142913 0.65981585 0.42886472 3.8544755
 48.95333 6.406 5.774729 0.65957737 0.39509955 5.1151514
 48.98403 8.999 7.8186436 0.65933806 0.33335185 7.1593056
 49.014732 11.698 11.310737 0.65909797 0.29237765 10.651639
 49.04533 15.948 17.19918 0.6588579 0.25040725 16.540323
 49.07603 25.154 26.247011 0.6586162 0.19938684 25.588396
 49.10673 36.945 36.7718 0.6583737 0.1645213 36.113426
 49.137432 43.955 41.645344 0.65813047 0.15083282 40.987213
 49.16813 36.143 36.59102 0.65788645 0.16633663 35.933132
 49.19873 28.615 30.300371 0.6576424 0.18694039 29.642729
 49.22943 27.782 27.925426 0.65739685 0.18972224 27.26803
 49.26013 28.47 26.566277 0.65715045 0.18741582 25.909126
 49.290833 21.269 21.573406 0.65690327 0.21683355 20.916504
 49.32153 14.582 15.004838 0.6566553 0.26187345 14.348183
 49.35213 10.041 10.095642 0.65640736 0.3155815 9.439235
 49.38283 6.948 7.029792 0.6561578 0.3793762 6.373634
 49.413532 5.709 5.206782 0.65590745 0.41852364 4.5508747
 49.44423 4.125 4.090683 0.65565634 0.49236596 3.4350266
 49.47483 3.291 3.361185 0.6554053 0.55123407 2.7057798
 49.50553 2.666 2.847497 0.65515256 0.612449 2.1923444
 49.536232 2.208 2.4698713 0.65489906 0.6729774 1.8149722
 49.566933 2.313 2.183081 0.6546448 0.6575249 1.5284362
 49.59763 2.156 1.9598864 0.65438974 0.6810447 1.3054967
 49.62823 1.656 1.783211 0.65413475 0.77708733 1.1290762
 49.65893 1.469 1.6398745 0.6538781 0.8250668 0.98599637
 49.689632 1.427 1.5223399 0.6536207 0.8371206 0.8687193
 49.72033 1.292 1.4247094 0.65336245 0.8797692 0.771347
 49.75103 1.292 1.3426929 0.6531035 0.8797692 0.6895893
 49.78163 1.198 1.2733642 0.65284455 0.91363263 0.6205197
 49.812332 1.125 1.2137804 0.65258396 0.94280905 0.5611964
 49.84303 1.156 1.1623663 0.6523226 0.93008167 0.5100437
 49.87373 0.896 1.1176773 0.65206045 1.0564429 0.46561688
 49.90443 1.125 1.0785793 0.65179753 0.94280905 0.4267817
 49.93503 1.0 1.044299 0.6515347 1.0 0.3927643
 49.965733 1.021 1.0138446 0.65127015 0.9896625 0.3625745
 49.99643 1.114 0.9867577 0.65100485 0.9474524 0.33575282
 50.02713 0.969 0.962554 0.6507388 1.01587 0.31181517
 50.05773 0.875 0.94091684 0.65047276 1.069045 0.29044405
 50.088432 0.76 0.9213472 0.65020514 1.1470786 0.27114207
 50.11913 0.969 0.9036507 0.6499367 1.01587 0.25371405
 50.14983 0.646 0.8875943 0.64966744 1.2441815 0.23792686
 50.18053 0.802 0.8730003 0.64939743 1.116639 0.22360289
 50.211132 0.906 0.8598872 0.6491275 1.0505964 0.21075971
 50.241833 0.823 0.84766334 0.64885587 1.1023006 0.19880743
 50.27253 0.833 0.83643883 0.64858353 1.0956643 0.18785533
 50.30323 0.875 0.8261066 0.6483103 1.069045 0.17779626
 50.33393 0.76 0.8165838 0.64803636 1.1470786 0.16854747
 50.364532 0.802 0.8078921 0.64776254 1.116639 0.16012955
 50.39523 0.76 0.799719 0.647487 1.1470786 0.15223198
 50.42593 0.906 0.79212826 0.64721066 1.0505964 0.14491758
 50.45663 0.719 0.7850644 0.64693356 1.1793306 0.13813084
 50.48733 0.698 0.77847916 0.6466556 1.1969397 0.1318235
 50.51793 0.687 0.7723534 0.64637786 1.2064842 0.12597555
 50.54863 0.687 0.76660234 0.6460984 1.2064842 0.120503955
 50.57933 0.771 0.76121515 0.6458181 1.1388664 0.11539701
 50.61003 0.719 0.7561619 0.6455371 1.1793306 0.110624865
 50.640633 0.615 0.75143445 0.64525616 1.2751534 0.106178254
 50.67133 0.708 0.7469727 0.6449735 1.1884568 0.10199913
 50.70203 0.656 0.74277335 0.64469016 1.2346619 0.09808323
 50.73273 0.677 0.7388173 0.6444059 1.2153621 0.09441137
 50.76343 0.812 0.7350879 0.64412093 1.1097419 0.09096692
 50.79403 0.719 0.73158383 0.6438361 1.1793306 0.08774775
 50.82473 0.667 0.72826564 0.6435495 1.2244388 0.084716134
 50.85543 0.865 0.72513527 0.6432622 1.0752066 0.08187311
 50.88613 0.677 0.722183 0.642974 1.2153621 0.07920897
 50.916832 0.646 0.7194011 0.6426851 1.2441815 0.07671603
 50.94743 0.604 0.7167938 0.64239633 1.2867125 0.07439744
 50.97813 0.594 0.71433717 0.6421058 1.2974982 0.072231345
 51.00883 0.698 0.7120395 0.64181453 1.1969397 0.07022489
 51.03953 0.667 0.7099014 0.64152247 1.2244388 0.06837892
 51.070232 0.667 0.70791316 0.6412296 1.2244388 0.06668353
 51.10083 0.698 0.7060212 0.6409369 1.1969397 0.06508428
 51.13153 0.646 0.70373905 0.64064246 1.2441815 0.06309658
 51.16223 0.719 0.6978047 0.64034724 1.1793306 0.057457443
 51.192932 0.677 0.66675246 0.64005125 1.2153621 0.026701245
 51.22353 0.625 0.66691345 0.6397554 1.264911 0.027158039
 51.25423 0.708 0.6673754 0.6394578 1.1884568 0.02791759
 51.28493 0.625 0.668039 0.63915944 1.264911 0.028879615
 51.31563 0.76 0.66753507 0.6388603 1.1470786 0.028674822
 51.346333 0.823 0.6558214 0.6385603 1.1023006 0.017261064
 51.37693 0.74 0.6611553 0.63826054 1.1624764 0.02289475
 51.40763 0.646 0.670171 0.637959 1.2441815 0.032211974
 51.43833 0.802 0.68566126 0.6376567 1.116639 0.048004523
 51.469032 0.615 0.7109488 0.6373536 1.2751534 0.07359522
 51.49973 0.885 0.7462614 0.63704973 1.062988 0.109211706
 51.53033 0.688 0.7788218 0.63674605 1.205607 0.1420758
 51.56103 0.875 0.7815622 0.6364406 1.069045 0.14512162
 51.591732 0.854 0.7575647 0.6361343 1.0821091 0.12143041
 51.622433 0.792 0.73880434 0.63582724 1.1236664 0.10297708
 51.65313 0.646 0.7336799 0.63551944 1.2441815 0.09816043
 51.68373 0.865 0.72870225 0.6352118 1.0752066 0.09349042
 51.71443 0.729 0.7103338 0.6349024 1.171214 0.0754314
 51.745132 0.781 0.68792397 0.63459224 1.1315519 0.05333175
 51.77583 0.729 0.67137134 0.6342813 1.171214 0.037090085
 51.80643 0.74 0.66113466 0.6339705 1.1624764 0.027164143
 51.83713 0.594 0.6551086 0.63365793 1.2974982 0.02145061
 51.867832 0.771 0.65159595 0.6333446 1.1388664 0.018251337
 51.89853 0.646 0.6495435 0.6330305 1.2441815 0.01651306
 51.92923 0.573 0.6484281 0.6327156 1.3210604 0.015712535
 51.95983 0.552 0.64802283 0.6324009 1.3459548 0.015621926
 51.990532 0.594 0.64825165 0.63208437 1.2974982 0.016167268
 52.021233 0.677 0.6491444 0.6317671 1.2153621 0.017377332
 52.05193 0.552 0.65082544 0.63144904 1.3459548 0.019376416
 52.08263 0.792 0.6535517 0.63113016 1.1236664 0.022421543
 52.11323 0.646 0.65779656 0.6308116 1.2441815 0.02698495
 52.143932 0.802 0.6645679 0.63049114 1.116639 0.034076743
 52.17463 0.896 0.67582786 0.6301699 1.0564429 0.045657903
 52.20533 0.833 0.6952458 0.62984794 1.0956643 0.06539789
 52.23603 0.719 0.728304 0.6295251 1.1793306 0.09877887
 52.266632 1.052 0.77954626 0.6292026 0.97497195 0.15034363
 52.29733 1.114 0.8436248 0.62887824 0.9474524 0.21474653
 52.32803 1.229 0.8856125 0.6285531 0.90203637 0.2570594
 52.35873 1.021 0.8666504 0.6282271 0.9896625 0.23842329
 52.38933 1.115 0.8226026 0.62790143 0.94702744 0.19470116
 52.420033 0.688 0.7985456 0.62757397 1.205607 0.17097166
 52.45073 0.75 0.79363 0.62724566 1.1547005 0.16638437
 52.48143 0.885 0.77888095 0.6269165 1.062988 0.15196441
 52.51213 0.771 0.74182755 0.6265867 1.1388664 0.115240864
 52.542732 0.854 0.704608 0.62625706 1.0821091 0.07835097
 52.57343 0.75 0.6784579 0.6259256 1.1547005 0.052532323
 52.60413 0.677 0.6621723 0.62559336 1.2153621 0.03657894
 52.63483 0.594 0.65219146 0.62526035 1.2974982 0.026931122
 52.66553 0.615 0.6457832 0.6249265 1.2751534 0.020856703
 52.696133 0.687 0.6413661 0.62459296 1.2064842 0.016773164
 52.72683 0.552 0.63808864 0.62425756 1.3459548 0.013831062
 52.75753 0.583 0.63554984 0.6239214 1.3096815 0.011628426
 52.78823 0.521 0.63351417 0.62358445 1.385419 0.009929722
 52.81893 0.448 0.6318362 0.62324667 1.4940357 0.008589525
 52.84953 0.573 0.63042533 0.62290925 1.3210604 0.007516084
 52.88023 0.51 0.6292055 0.6225699 1.4002801 0.006635645
 52.91093 0.594 0.62813616 0.62222975 1.2974982 0.005906382
 52.94163 0.781 0.62718385 0.6218889 1.1315519 0.005294994
 52.97223 0.49 0.62632716 0.6215483 1.4285715 0.0047789034
 53.00293 0.479 0.6255415 0.6212058 1.4448816 0.0043357336
 53.03363 0.552 0.624816 0.62086254 1.3459548 0.003953496
 53.06433 0.562 0.6241398 0.62051845 1.3339263 0.00362129
 53.09503 0.51 0.6235098 0.62017363 1.4002801 0.003336214
 53.12563 0.583 0.622949 0.6198291 1.3096815 0.0031198815
 53.15633 0.646 0.6226408 0.6194827 1.2441815 0.0031580802
 53.18703 0.615 0.6238863 0.6191355 1.2751534 0.004750801
 53.21773 0.677 0.6351987 0.61878747 1.2153621 0.01641126
 53.248432 0.646 0.6350923 0.61843866 1.2441815 0.016653607
 53.27903 0.688 0.6350351 0.6180903 1.205607 0.016944854
 53.30973 0.635 0.63512254 0.6177399 1.2549117 0.01738264
 53.34043 0.354 0.63600564 0.6173887 1.6807317 0.018616913
 53.37113 0.615 0.64194 0.6170368 1.2751534 0.024903176
 53.401833 0.531 0.64218885 0.6166841 1.3723116 0.025504788
 53.43243 0.833 0.6424764 0.6163317 1.0956643 0.026144627
 53.46313 0.5 0.6428061 0.6159774 1.4142135 0.026828706
 53.49383 0.563 0.6431785 0.61562234 1.3327411 0.027556194
 53.524532 0.698 0.6435952 0.61526644 1.1969397 0.028328752
 53.55513 0.771 0.6440559 0.61491096 1.1388664 0.029144939
 53.58583 0.646 0.64456654 0.6145535 1.2441815 0.030012999
 53.61653 0.635 0.64512616 0.6141953 1.2549117 0.030930864
 53.647232 0.708 0.6457262 0.6138362 1.1884568 0.031889934
 53.677933 0.635 0.6462945 0.61347646 1.2549117 0.032818027
 53.70853 0.854 0.6470283 0.61311704 1.0821091 0.03391131
 53.73923 0.469 0.6478284 0.6127556 1.4602041 0.035072777
 53.76993 0.552 0.6486905 0.61239344 1.3459548 0.036297075
 53.800632 0.521 0.6495816 0.6120305 1.385419 0.03755112
 53.83133 0.635 0.65060663 0.61166674 1.2549117 0.038939904
 53.86193 0.625 0.6517119 0.6113034 1.264911 0.040408526
 53.89263 0.667 0.65291286 0.6109381 1.2244388 0.04197477
 53.923332 0.542 0.65421265 0.6105719 1.3583145 0.043640684
 53.95403 0.646 0.65561956 0.61020505 1.2441815 0.045414522
 53.98473 0.583 0.6571425 0.60983735 1.3096815 0.047305193
 54.01533 0.688 0.6587845 0.60947007 1.205607 0.049314424
 54.046032 0.719 0.6605695 0.6091008 1.1793306 0.051468674
 54.076733 0.583 0.6625041 0.60873073 1.3096815 0.053773347
 54.10743 0.583 0.66460216 0.60835993 1.3096815 0.05624225
 54.13803 0.708 0.6668696 0.6079895 1.1884568 0.058880057
 54.16873 0.667 0.6693414 0.6076171 1.2244388 0.061724316
 54.199432 0.563 0.67202926 0.6072439 1.3327411 0.064785376
 54.23013 0.781 0.67495567 0.6068699 1.1315519 0.0680858
 54.26083 0.552 0.6781458 0.60649514 1.3459548 0.071650706
 54.29143 0.615 0.6816136 0.60612077 1.2751534 0.07549286
 54.322132 0.729 0.6854186 0.6057444 1.171214 0.079674184
 54.35283 0.667 0.68958575 0.6053673 1.2244388 0.084218435
 54.38353 0.51 0.694158 0.60498935 1.4002801 0.08916867
 54.41423 0.667 0.6991819 0.6046106 1.2244388 0.094571255
 54.44483 0.625 0.7046712 0.6042324 1.264911 0.10043885
 54.475533 0.573 0.7106022 0.6038521 1.3210604 0.106750175
 54.50623 0.656 0.71738124 0.603471 1.2346619 0.11391022
 54.53693 0.854 0.7249093 0.60308915 1.0821091 0.12182017
 54.56763 0.792 0.7332932 0.6027065 1.1236664 0.1305867
 54.598232 0.698 0.7426124 0.6023243 1.1969397 0.14028814
 54.62893 0.833 0.7530269 0.60194004 1.0956643 0.15108684
 54.65963 0.792 0.76486117 0.60155505 1.1236664 0.1633061
 54.69033 0.667 0.77824533 0.6011692 1.2244388 0.17707612
 54.720932 0.771 0.79338986 0.6007839 1.1388664 0.19260594
 54.751633 0.865 0.810747 0.6003965 1.0752066 0.21035051
 54.78233 0.927 0.8306847 0.60000837 1.0386282 0.23067637
 54.81303 0.896 0.85373276 0.5996194 1.0564429 0.25411335
 54.84373 0.917 0.8805599 0.59922963 1.0442761 0.2813303
 54.874332 0.906 0.91189325 0.5988404 1.0505964 0.31305286
 54.90503 0.844 0.9490873 0.59844905 1.0885009 0.35063824
 54.93573 1.073 0.993516 0.598057 0.96538407 0.3954591
 54.96643 1.01 1.047173 0.59766406 0.9950372 0.449509
 54.99713 1.229 1.1127763 0.59727037 0.90203637 0.5155059
 55.02773 1.448 1.1937745 0.5968772 0.8310281 0.5968973
 55.05843 1.594 1.2961982 0.596482 0.7920559 0.6997163
 55.08913 1.646 1.4277908 0.5960859 0.7794443 0.8317048
 55.11983 2.114 1.600863 0.59568906 0.6877768 1.0051739
 55.15053 2.114 1.8354855 0.59529144 0.6877768 1.240194
 55.18113 3.01 2.1659806 0.59489435 0.57639045 1.5710863
 55.21183 3.156 2.663855 0.5944952 0.5629003 2.0693598
 55.24253 4.083 3.4632242 0.5940952 0.49489185 2.869129
 55.27323 5.302 4.8009753 0.5936944 0.43429032 4.207281
 55.30383 7.688 6.9922676 0.59329414 0.3606561 6.3989735
 55.33453 10.155 10.279458 0.5928918 0.31380513 9.686566
 55.36523 13.291 14.163324 0.5924887 0.27429706 13.570836
 55.39593 16.374 16.457472 0.59208477 0.24712837 15.865387
 55.426632 14.875 15.128601 0.59168005 0.2592815 14.536921
 55.45723 12.23 12.418049 0.5912759 0.2859478 11.826773
 55.48793 10.53 10.888897 0.5908696 0.30816677 10.298027
 55.51863 10.28 10.655691 0.5904625 0.31189144 10.065228
 55.54933 10.593 10.209317 0.5900547 0.30724904 9.619263
 55.580032 8.417 8.330771 0.58964604 0.34468415 7.7411256
 55.61063 6.417 6.0150647 0.5892379 0.39476076 5.4258265
 55.64133 4.261 4.238986 0.58882767 0.48444474 3.6501584
 55.67203 3.552 3.0948603 0.5884167 0.5305954 2.5064437
 55.702732 2.729 2.3950825 0.5880049 0.6053384 1.8070776
 55.73343 2.416 1.9606167 0.5875923 0.64335626 1.3730243
 55.76403 1.739 1.6755584 0.58718026 0.758316 1.0883782
 55.79473 1.99 1.474211 0.5867661 0.7088812 0.8874448
 55.82543 1.365 1.3253294 0.58635116 0.855921 0.73897827
 55.856133 1.406 1.211447 0.5859354 0.84334904 0.6255115
 55.88673 1.26 1.122497 0.58552027 0.8908708 0.5369767
 55.91743 1.219 1.0510931 0.585103 0.90572876 0.4659902
 55.94813 1.063 0.9930536 0.58468485 0.9699143 0.40836874
 55.978832 0.979 0.9451918 0.584266 1.0106683 0.36092582
 56.00953 1.063 0.9052295 0.58384633 0.9699143 0.3213832
 56.04013 0.958 0.8716488 0.5834272 1.0216855 0.28822154
 56.07083 0.812 0.84313405 0.58300596 1.1097419 0.26012808
 56.101532 0.833 0.82010925 0.58258396 1.0956643 0.2375253
 56.132233 0.813 0.79870206 0.5821611 1.1090592 0.21654098
 56.16293 0.938 0.78001934 0.5817375 1.0325203 0.19828182
 56.19353 0.792 0.76368546 0.5813145 1.1236664 0.182371
 56.22423 0.812 0.7493092 0.5808893 1.1097419 0.16841987
 56.254932 0.708 0.7372763 0.58046335 1.1884568 0.156813
 56.28563 0.708 0.7257934 0.5800366 1.1884568 0.14575684
 56.31633 0.781 0.7154959 0.57960904 1.1315519 0.13588688
 56.34693 0.479 0.70625764 0.5791821 1.4448816 0.12707558
 56.377632 0.656 0.6978734 0.57875293 1.2346619 0.119120486
 56.40833 0.625 0.69026566 0.578323 1.264911 0.11194262
 56.43903 0.771 0.6833393 0.5778923 1.1388664 0.10544696
 56.46963 0.76 0.6770378 0.57746226 1.1470786 0.099575505
 56.50033 0.813 0.6712442 0.57703 1.1090592 0.094214216
 56.531033 0.729 0.6659238 0.5765969 1.171214 0.08932683
 56.56173 0.667 0.66102535 0.57616305 1.2244388 0.08486227
 56.59243 0.594 0.65650535 0.5757284 1.2974982 0.08077691
 56.62303 0.625 0.6523418 0.57529444 1.264911 0.07704736
 56.653732 0.49 0.6484702 0.5748582 1.4285715 0.07361201
 56.68443 0.708 0.64487773 0.5744212 1.1884568 0.07045655
 56.71513 0.656 0.64153916 0.57398343 1.2346619 0.06755575
 56.74583 0.76 0.63843274 0.57354486 1.1470786 0.064887874
 56.776432 0.646 0.63555026 0.5731069 1.2441815 0.06244338
 56.807133 0.698 0.63285357 0.57266676 1.1969397 0.06018681
 56.83783 0.594 0.63033885 0.5722258 1.2974982 0.058113057
 56.86853 0.552 0.62799346 0.5717841 1.3459548 0.05620938
 56.89923 0.562 0.62580657 0.5713416 1.3339263 0.054465
 56.929832 0.812 0.6237765 0.5708997 1.1097419 0.052876804
 56.96053 0.604 0.6218804 0.5704556 1.2867125 0.051424757
 56.99123 0.583 0.62011933 0.5700107 1.3096815 0.05010857
 57.02193 0.531 0.61848843 0.56956506 1.3723116 0.04892333
 57.052532 0.729 0.6169896 0.5691201 1.171214 0.047869522
 57.08323 0.563 0.61560977 0.56867284 1.3327411 0.046936944
 57.11393 0.49 0.6143541 0.56822485 1.4285715 0.04612927
 57.14463 0.667 0.6132239 0.567776 1.2244388 0.045447882
 57.17533 0.594 0.61222285 0.5673264 1.2974982 0.044896476
 57.205933 0.76 0.6113605 0.5668775 1.1470786 0.04448302
 57.23663 0.49 0.61064076 0.5664263 1.4285715 0.044214476
 57.26733 0.635 0.6100824 0.56597435 1.2549117 0.044108044
 57.29803 0.615 0.60970825 0.5655216 1.2751534 0.044186667
 57.32873 0.677 0.60955286 0.56506807 1.2153621 0.04448483
 57.35933 0.74 0.60966897 0.5646152 1.1624764 0.04505377
 57.39003 0.521 0.61014795 0.56416005 1.385419 0.04598785
 57.42073 0.708 0.61115533 0.5637042 1.1884568 0.04745113
 57.45143 0.615 0.61300975 0.5632475 1.2751534 0.049762294
 57.482132 0.677 0.616288 0.56279 1.2153621 0.05349801
 57.51273 0.646 0.621837 0.5623332 1.2441815 0.059503775
 57.54343 0.771 0.6304762 0.56187415 1.1388664 0.06860198
 57.57413 0.646 0.6409028 0.5614143 1.2441815 0.07948848
 57.60483 0.76 0.6413466 0.5609537 1.1470786 0.08039289
 57.63543 0.583 0.64509624 0.56049377 1.3096815 0.084602475
 57.66613 0.604 0.6392528 0.5600316 1.2867125 0.07922121
 57.69683 0.656 0.6332224 0.5595686 1.2346619 0.073653825
 57.72753 0.521 0.6314635 0.5591048 1.385419 0.07235874
 57.758232 0.563 0.6285441 0.55864024 1.3327411 0.06990388
 57.78883 0.563 0.6300912 0.5581764 1.3327411 0.07191476
 57.81953 0.771 0.62790626 0.55771023 1.1388664 0.070195995
 57.85023 0.812 0.6257985 0.55724335 1.1097419 0.068555206
 57.88093 0.677 0.62652975 0.5567756 1.2153621 0.06975415
 57.911633 0.719 0.63044196 0.5563071 1.1793306 0.07413487
 57.94223 0.917 0.6373015 0.55583936 1.0442761 0.08146215
 57.97293 0.781 0.64714855 0.55536926 1.1315519 0.09177931
 58.00363 0.75 0.66034937 0.5548984 1.1547005 0.105450965
 58.034332 0.906 0.6777795 0.5544267 1.0505964 0.12335279
 58.06503 0.813 0.70094687 0.5539543 1.1090592 0.14699256
 58.09563 0.854 0.7322366 0.5534826 1.0821091 0.17875402
 58.12633 0.781 0.7763371 0.55300856 1.1315519 0.22332849
 58.157032 1.156 0.84167224 0.55253375 0.93008167 0.28913847
 58.187733 1.156 0.94478524 0.55205816 0.93008167 0.39272705
 58.21833 1.302 1.1144099 0.55158335 0.87638414 0.56282663
 58.24903 1.312 1.3945475 0.55110615 0.8730379 0.84344125
 58.27973 2.219 1.8239491 0.5506282 0.67130727 1.2733208
 58.310432 2.594 2.377085 0.55014944 0.6208905 1.8269355
 58.34113 2.521 2.8344474 0.5496699 0.6298158 2.2847774
 58.37173 2.75 2.8300211 0.5491912 0.6030227 2.2808301
 58.40243 2.521 2.4456556 0.54871005 0.6298158 1.8969454
 58.433132 2.0 2.1161816 0.54822814 0.70710677 1.5679535
 58.46383 2.063 2.0050488 0.54774547 0.69622624 1.4573033
 58.49453 2.25 2.0109262 0.547262 0.6666667 1.4636642
 58.52513 1.969 1.8962178 0.54677933 0.7126514 1.3494385
 58.555832 1.562 1.5899425 0.5462943 0.80012804 1.0436482
 58.586533 1.583 1.270913 0.54580843 0.7948031 0.7251046
 58.61723 1.167 1.038203 0.5453218 0.92568785 0.49288112
 58.64793 0.99 0.88884056 0.54483443 1.0050378 0.34400615
 58.67853 0.833 0.796787 0.5443478 1.0956643 0.2524392
 58.709232 0.625 0.73829633 0.5438588 1.264911 0.19443749
 58.73993 0.656 0.6989928 0.54336905 1.2346619 0.15562373
 58.77063 0.687 0.6708417 0.5428785 1.2064842 0.12796317
 58.80123 0.698 0.6498039 0.54238874 1.1969397 0.10741514
 58.831932 0.833 0.6336969 0.54189664 1.0956643 0.09180028
 58.862633 0.583 0.6228225 0.5414037 1.3096815 0.081418805
 58.89333 0.562 0.6262593 0.54091 1.3339263 0.08534935
 58.92403 0.656 0.6179505 0.54041547 1.2346619 0.07753501
 58.95463 0.604 0.6111128 0.5399218 1.2867125 0.07119094
 58.985332 0.646 0.60540074 0.53942573 1.2441815 0.06597502
 59.01603 0.708 0.60073525 0.53892887 1.1884568 0.061806366
 59.04673 0.625 0.5977437 0.5384312 1.264911 0.05931243
 59.07743 0.604 0.6013211 0.5379328 1.2867125 0.06338828
 59.108032 0.604 0.5985443 0.5374352 1.2867125 0.061109092
 59.13873 0.583 0.59618294 0.5369352 1.3096815 0.05924776
 59.16943 0.479 0.59418595 0.5364344 1.4448816 0.057751566
 59.20013 0.615 0.5925041 0.5359328 1.2751534 0.056571253
 59.23083 0.458 0.591098 0.53543043 1.4776353 0.055667583
 59.261433 0.437 0.58994025 0.5349289 1.5127226 0.055011377
 59.29213 0.698 0.5889972 0.53442496 1.1969397 0.05457225
 59.32283 0.635 0.58825296 0.5339202 1.2549117 0.05433276
 59.35353 0.458 0.58769137 0.5334147 1.4776353 0.054276668
 59.384132 0.656 0.5873004 0.53291005 1.2346619 0.054390408
 59.41483 0.427 0.5870676 0.53240293 1.5303334 0.054664697
 59.44553 0.49 0.5869868 0.53189504 1.4285715 0.055091765
 59.47623 0.646 0.5870524 0.5313864 1.2441815 0.05566605
 59.50693 0.594 0.5872606 0.5308769 1.2974982 0.05638372
 59.53753 0.781 0.5876073 0.5303683 1.1315519 0.057238985
 59.56823 0.594 0.5880949 0.5298573 1.2974982 0.058237623
 59.59893 0.75 0.5887229 0.52934545 1.1547005 0.05937744
 59.62963 0.729 0.5894934 0.52883285 1.171214 0.060660575
 59.66033 0.427 0.5904097 0.5283194 1.5303334 0.062090248
 59.69093 0.677 0.59147143 0.52780694 1.2153621 0.063664526
 59.72163 0.573 0.59269315 0.52729195 1.3210604 0.065401204
 59.75233 0.552 0.5940782 0.5267762 1.3459548 0.067301996
 59.78303 0.656 0.5956353 0.5262596 1.2346619 0.069375664
 59.813732 0.677 0.5973744 0.5257423 1.2153621 0.07163212
 59.84433 0.667 0.5992983 0.5252259 1.2244388 0.07407244
 59.87503 0.76 0.6014316 0.52470696 1.1470786 0.07672467
 59.90573 0.594 0.6037579 0.5241872 1.2974982 0.07957067
 59.93643 0.625 0.6063614 0.52366674 1.264911 0.08269462
 59.96703 0.719 0.6092131 0.52314717 1.1793306 0.08606595
 59.99773 0.656 0.6123579 0.5226251 1.2346619 0.08973281
 60.02843 0.656 0.6158096 0.52210224 1.2346619 0.093707345
 60.05913 0.552 0.6195857 0.5215786 1.3459548 0.09800708
 60.089832 0.531 0.62375313 0.52105415 1.3723116 0.10269894
 60.12043 0.594 0.62831306 0.5205307 1.2974982 0.10778241
 60.15113 0.667 0.633345 0.5200047 1.2244388 0.113340355
 60.18183 0.802 0.63888377 0.5194779 1.116639 0.119405895
 60.212532 0.688 0.64498866 0.5189503 1.205607 0.12603839
 60.243233 0.708 0.6517273 0.51842195 1.1884568 0.13330537
 60.27383 0.604 0.65914756 0.5178945 1.2867125 0.14125302
 60.30453 0.708 0.667398 0.51736456 1.1884568 0.15003338
 60.33523 0.708 0.67656016 0.51683384 1.1884568 0.15972637
 60.365932 0.781 0.68676203 0.5163023 1.1315519 0.1704597
 60.39663 0.615 0.69815266 0.51577 1.2751534 0.18238264
 60.42723 0.542 0.71085775 0.51523864 1.3583145 0.19561906
 60.45793 0.667 0.72518736 0.51470476 1.2244388 0.21048257
 60.488632 0.812 0.7413559 0.5141701 1.1097419 0.22718577
 60.51933 0.687 0.75967366 0.5136347 1.2064842 0.24603903
 60.54993 0.792 0.7804318 0.51310015 1.1236664 0.26733163
 60.58063 0.927 0.8042285 0.5125631 1.0386282 0.29166535
 60.611332 0.667 0.8313908 0.5120253 1.2244388 0.31936547
 60.642033 0.583 0.86149627 0.5114867 1.3096815 0.35000956
 60.67273 0.833 0.89857626 0.5109473 1.0956643 0.38762894
 60.70333 0.979 0.9419482 0.5104089 1.0106683 0.43153927
 60.73403 1.062 0.99349964 0.5098679 0.9703708 0.4836317
 60.764732 1.177 1.0550814 0.50932616 0.9217471 0.54575527
 60.79543 1.25 1.1289362 0.50878364 0.8944272 0.62015253
 60.82613 1.479 1.2204727 0.5082403 0.8222728 0.71223235
 60.85673 1.604 1.3337709 0.50769794 0.789583 0.82607293
 60.887432 1.625 1.4774586 0.50715303 0.78446454 0.9703055
 60.91813 1.896 1.6628007 0.50660735 0.7262411 1.1561934
 60.94883 2.073 1.9081836 0.50606084 0.6945449 1.4021227
 60.97953 2.604 2.2448168 0.5055136 0.61969715 1.7393031
 61.01013 2.719 2.7288618 0.50496733 0.60645056 2.2238944
 61.040833 3.208 3.475807 0.5044185 0.5583195 2.9713886
 61.07153 4.281 4.687365 0.5038688 0.48331177 4.183496
 61.10223 6.104 6.6728477 0.5033184 0.40475547 6.1695294
 61.13283 8.5 9.752422 0.502769 0.34299716 9.249654
 61.163532 12.989 13.981789 0.502217 0.27746752 13.479572
 61.19423 18.634 18.279478 0.5016642 0.23165782 17.777815
 61.22493 23.019 19.895851 0.5011107 0.20842834 19.394741
 61.25563 20.238 17.586899 0.5005563 0.2222881 17.086342
 61.286232 13.948 14.3246565 0.500003 0.26775897 13.824654
 61.316933 11.198 12.50106 0.49944705 0.29883385 12.001613
 61.34763 11.73 12.280312 0.4988903 0.29197857 11.781421
 61.37833 13.447 12.352327 0.4983328 0.27270135 11.853994
 61.40903 12.52 10.978457 0.4977745 0.2826167 10.480682
 61.439632 9.239 8.386042 0.49721724 0.32899365 7.888824
 61.47033 5.969 5.9688125 0.49665737 0.40930703 5.472155
 61.50103 3.969 4.2542906 0.4960967 0.50194883 3.7581937
 61.53173 3.094 3.1558423 0.49553525 0.56851226 2.6603072
 61.56243 2.177 2.471645 0.49497303 0.67775196 1.9766722
 61.59303 1.906 2.0354342 0.49441186 0.72433347 1.5410224
 61.62373 1.583 1.738072 0.49384803 0.7948031 1.2442241
 61.65443 1.365 1.5232735 0.49328345 0.855921 1.02999
 61.68513 1.198 1.361152 0.49271804 0.91363263 0.868434
 61.715733 1.281 1.2354916 0.49215373 0.8835384 0.7433379
 61.74643 1.271 1.1351599 0.49158677 0.88700736 0.6435731
 61.77713 1.01 1.0539712 0.491019 0.9950372 0.56295216
 61.80783 0.906 0.9873645 0.49045047 1.0505964 0.49691397
 61.83853 0.771 0.93181527 0.48988116 1.1388664 0.4419341
 61.86913 0.979 0.8852831 0.48931292 1.0106683 0.39597023
 61.89983 0.865 0.84581465 0.488742 1.0752066 0.35707265
 61.93053 1.052 0.8131008 0.48817033 0.97497195 0.3249305
 61.96123 0.896 0.78970444 0.48759785 1.0564429 0.30210656

#end of datafile: A1_Cs2AgInCl6 - cut.xy

