data_A02_Cs2Na0.2Ag0.8InCl6 - cut.xy

_pd_meas_number_of_points 1597
_riet_meas_datafile_calibrated true

# On the following loop you will have:
#  2theta/d coordinate   experimental intensity  calculated intensity  background  intensity 1546186-Cs2AgInCl6

loop_
_pd_proc_2theta_corrected
_pd_proc_intensity_total
_pd_calc_intensity_total
_pd_proc_intensity_bkg_calc
_pd_proc_intensity_weight
_pd_calc_intensity_total
 13.993058 0.531 0.48255286 0.4706343 1.3723116 0.011918554
 14.023758 0.469 0.48389554 0.4707367 1.4602041 0.013158829
 14.054458 0.521 0.485442 0.47083893 1.385419 0.014603071
 14.085058 0.573 0.48723286 0.47094068 1.3210604 0.016292172
 14.115758 0.521 0.4893415 0.4710426 1.385419 0.018298896
 14.146458 0.542 0.49184406 0.47114435 1.3583145 0.020699704
 14.177157 0.583 0.4948506 0.47124594 1.3096815 0.023604678
 14.207858 0.604 0.49851266 0.47134736 1.2867125 0.027165297
 14.238458 0.521 0.50302535 0.4714483 1.385419 0.03157705
 14.269157 0.667 0.5087232 0.4715494 1.2244388 0.037173796
 14.299858 0.573 0.51604384 0.47165033 1.3210604 0.04439353
 14.330558 0.708 0.52567667 0.4717511 1.1884568 0.053925578
 14.361258 0.563 0.53871703 0.4718517 1.3327411 0.06686531
 14.391858 0.583 0.556911 0.4719518 1.3096815 0.08495919
 14.422558 0.677 0.58360076 0.4720521 1.2153621 0.11154867
 14.453258 0.802 0.6258555 0.47215223 1.116639 0.15370326
 14.483958 0.823 0.7133942 0.4722522 1.1023006 0.24114206
 14.514558 1.26 1.0109231 0.47235164 0.8908708 0.53857154
 14.545258 2.156 2.101413 0.47245127 0.6810447 1.6289616
 14.575958 3.636 4.7154098 0.47255075 0.52443063 4.242859
 14.606658 8.02 7.8357167 0.47265005 0.35311228 7.3630667
 14.637358 9.312 8.179659 0.4727492 0.32770157 7.7069097
 14.667958 5.406 5.57217 0.47284785 0.4300926 5.099322
 14.698658 1.896 2.7292855 0.47294667 0.7262411 2.2563388
 14.729358 0.917 1.2594482 0.47304532 1.0442761 0.7864028
 14.760057 0.854 0.78048766 0.47314382 1.0821091 0.30734384
 14.790758 0.823 0.64780307 0.47324213 1.1023006 0.17456095
 14.821358 0.615 0.59586453 0.47333997 1.2751534 0.12252459
 14.852057 0.615 0.56549525 0.47343796 1.2751534 0.09205726
 14.882758 0.542 0.5452539 0.4735358 1.3583145 0.07171804
 14.913458 0.521 0.5310492 0.47363347 1.385419 0.05741574
 14.944158 0.573 0.52071595 0.47373098 1.3210604 0.046984993
 14.974758 0.573 0.5130004 0.47382802 1.3210604 0.039172385
 15.005458 0.5 0.5070605 0.4739252 1.4142135 0.033135336
 15.036158 0.562 0.5024126 0.4740222 1.3339263 0.028390368
 15.066858 0.479 0.49871317 0.47411907 1.4448816 0.024594087
 15.097458 0.542 0.49573472 0.47421545 1.3583145 0.021519251
 15.128158 0.635 0.49329048 0.47431198 1.2549117 0.018978503
 15.158858 0.573 0.4912703 0.47440836 1.3210604 0.016861932
 15.189558 0.625 0.4895848 0.47450456 1.264911 0.015080229
 15.220258 0.51 0.48816696 0.4746006 1.4002801 0.013566349
 15.250858 0.49 0.4869694 0.47469616 1.4285715 0.012273252
 15.281558 0.552 0.4859449 0.47479188 1.3459548 0.011153004
 15.312258 0.521 0.48506674 0.47488743 1.385419 0.010179289
 15.3429575 0.573 0.48431048 0.47498283 1.3210604 0.009327641
 15.373658 0.437 0.48365653 0.47507805 1.5127226 0.008578474
 15.404258 0.531 0.48309088 0.47517282 1.3723116 0.007918072
 15.4349575 0.521 0.48259693 0.4752677 1.385419 0.007329226
 15.465658 0.542 0.4821669 0.47536245 1.3583145 0.00680443
 15.496358 0.385 0.48235863 0.475457 1.6116459 0.0069016227
 15.527058 0.531 0.48233354 0.47555143 1.3723116 0.0067821117
 15.557658 0.552 0.48208615 0.47564536 1.3459548 0.0064407676
 15.588358 0.542 0.48187652 0.47573945 1.3583145 0.006137074
 15.619058 0.49 0.4817015 0.4758334 1.4285715 0.005868122
 15.649757 0.552 0.48155764 0.47592714 1.3459548 0.005630487
 15.680358 0.406 0.4814424 0.47602043 1.569412 0.005421971
 15.711058 0.385 0.48135272 0.47611386 1.6116459 0.005238845
 15.741757 0.583 0.48128703 0.47620714 1.3096815 0.005079906
 15.772458 0.615 0.48124382 0.47630024 1.2751534 0.0049435934
 15.803158 0.469 0.48122185 0.47639316 1.4602041 0.004828683
 15.833757 0.438 0.4812202 0.47648564 1.5109947 0.0047345418
 15.864458 0.594 0.4812382 0.47657827 1.2974982 0.004659928
 15.895158 0.542 0.48127556 0.4766707 1.3583145 0.004604843
 15.925858 0.562 0.48133224 0.476763 1.3339263 0.004569227
 15.956558 0.51 0.48140845 0.47685513 1.4002801 0.0045533087
 15.987158 0.458 0.48150438 0.4769468 1.4776353 0.004557578
 16.017859 0.688 0.48162022 0.47703862 1.205607 0.0045816037
 16.048557 0.615 0.48020524 0.47713023 1.2751534 0.0030749815
 16.079258 0.542 0.47965145 0.47722173 1.3583145 0.002429732
 16.109959 0.469 0.47993377 0.47731304 1.4602041 0.0026207278
 16.140558 0.458 0.4802383 0.47740388 1.4776353 0.002834399
 16.171257 0.479 0.480571 0.47749487 1.4448816 0.0030761294
 16.201958 0.51 0.4809358 0.4775857 1.4002801 0.0033501303
 16.232658 0.51 0.48133877 0.47767636 1.4002801 0.0036624114
 16.263258 0.573 0.4817857 0.47776654 1.3210604 0.004019175
 16.293959 0.479 0.48228902 0.47785687 1.4448816 0.004432121
 16.324657 0.49 0.4828591 0.47794706 1.4285715 0.004912056
 16.355358 0.521 0.48351133 0.47803706 1.385419 0.0054742745
 16.386057 0.635 0.4842656 0.4781269 1.2549117 0.006138696
 16.416658 0.521 0.48514506 0.4782163 1.385419 0.0069287703
 16.447357 0.49 0.4861907 0.47830582 1.4285715 0.007884907
 16.478058 0.469 0.4874482 0.47839516 1.4602041 0.009053011
 16.508759 0.542 0.48898485 0.47848436 1.3583145 0.0105005
 16.539457 0.552 0.49089718 0.47857338 1.3459548 0.012323795
 16.570057 0.448 0.49331775 0.47866195 1.4940357 0.01465579
 16.600758 0.406 0.49647653 0.47875068 1.569412 0.01772586
 16.631458 0.542 0.500704 0.47883922 1.3583145 0.02186481
 16.662157 0.521 0.5065552 0.47892758 1.385419 0.027627645
 16.692858 0.604 0.5149973 0.4790158 1.2867125 0.035981495
 16.723457 0.521 0.52792734 0.47910357 1.385419 0.048823796
 16.754158 0.562 0.5520008 0.47919145 1.3339263 0.072809376
 16.784859 0.656 0.6225103 0.47927916 1.2346619 0.14323114
 16.815557 0.917 0.87738496 0.47936672 1.0442761 0.39801824
 16.846157 1.427 1.5390502 0.47945383 0.8371206 1.0595964
 16.876858 2.177 2.47581 0.47954106 0.67775196 1.9962689
 16.907558 2.958 2.7973003 0.47962815 0.58143467 2.3176723
 16.938257 2.01 2.226928 0.47971505 0.70534563 1.747213
 16.968958 1.312 1.3773525 0.4798018 0.8730379 0.8975507
 16.999557 0.76 0.82950896 0.4798881 1.1470786 0.34962085
 17.030258 0.729 0.61341625 0.4799745 1.171214 0.13344172
 17.060957 0.625 0.5490872 0.4800608 1.264911 0.06902647
 17.091658 0.521 0.52655214 0.48014686 1.385419 0.046405245
 17.122358 0.49 0.5145662 0.4802328 1.4285715 0.034333393
 17.152958 0.396 0.5068299 0.48031828 1.5891043 0.02651164
 17.183659 0.5 0.5014692 0.4804039 1.4142135 0.021065284
 17.214357 0.396 0.49762392 0.4804893 1.5891043 0.017134592
 17.245058 0.438 0.4947814 0.4805746 1.5109947 0.0142067885
 17.275759 0.427 0.4926281 0.48065972 1.5303334 0.011968384
 17.306358 0.375 0.49096867 0.4807444 1.6329932 0.010224286
 17.337057 0.542 0.4896599 0.48082918 1.3583145 0.008830739
 17.367758 0.542 0.48861724 0.48091382 1.3583145 0.0077034505
 17.398458 0.458 0.48777702 0.48099828 1.4776353 0.006778748
 17.429058 0.479 0.48709548 0.4810823 1.4448816 0.006013194
 17.459759 0.458 0.48653474 0.48116642 1.4776353 0.005368312
 17.490458 0.562 0.48607218 0.4812504 1.3339263 0.004821782
 17.521158 0.583 0.4856888 0.4813342 1.3096815 0.0043545906
 17.551857 0.458 0.48536995 0.48141786 1.4776353 0.003952102
 17.582458 0.521 0.48510504 0.48150107 1.385419 0.003603971
 17.613157 0.542 0.4848833 0.48158437 1.3583145 0.0032989336
 17.643858 0.49 0.48469856 0.48166755 1.4285715 0.0030310254
 17.674559 0.49 0.484545 0.48175055 1.4285715 0.002794459
 17.705257 0.49 0.4844179 0.48183337 1.4285715 0.002584531
 17.735857 0.469 0.48431373 0.48191577 1.4602041 0.0023979673
 17.766558 0.552 0.48422864 0.48199826 1.3459548 0.0022303725
 17.797258 0.469 0.48416036 0.4820806 1.4602041 0.0020797465
 17.827957 0.49 0.48410666 0.48216277 1.4285715 0.0019438738
 17.858658 0.552 0.48406568 0.4822448 1.3459548 0.0018208891
 17.889257 0.365 0.48403594 0.4823264 1.6552118 0.0017095613
 17.919958 0.417 0.48401588 0.48240808 1.5485741 0.0016078197
 17.950657 0.344 0.4840045 0.4824896 1.7049859 0.001514895
 17.981358 0.385 0.48400077 0.48257098 1.6116459 0.001429797
 18.011957 0.552 0.4840038 0.4826519 1.3459548 0.001351916
 18.042658 0.594 0.48401293 0.48273292 1.2974982 0.0012800025
 18.073359 0.375 0.48402748 0.4828138 1.6329932 0.0012136769
 18.104057 0.5 0.4840469 0.4828945 1.4142135 0.0011523748
 18.134758 0.521 0.48407066 0.48297507 1.385419 0.0010956015
 18.165358 0.448 0.4840983 0.48305517 1.4940357 0.0010430875
 18.196058 0.406 0.48412952 0.4831354 1.569412 9.941058E-4
 18.226757 0.312 0.48416397 0.48321545 1.7902871 9.484945E-4
 18.257458 0.51 0.4842013 0.48329535 1.4002801 9.059511E-4
 18.288158 0.448 0.48424125 0.4833751 1.4940357 8.661433E-4
 18.318758 0.365 0.4837414 0.4834544 1.6552118 2.8700213E-4
 18.349459 0.479 0.4838085 0.4835338 1.4448816 2.7468073E-4
 18.380157 0.542 0.48361304 0.48361304 1.3583145 0.0
 18.410858 0.344 0.48369214 0.48369214 1.7049859 0.0
 18.441557 0.583 0.48377106 0.48377106 1.3096815 0.0
 18.472158 0.365 0.48384953 0.48384953 1.6552118 0.0
 18.502857 0.438 0.48392814 0.48392814 1.5109947 0.0
 18.533558 0.479 0.48400655 0.48400655 1.4448816 0.0
 18.564259 0.427 0.4840848 0.4840848 1.5303334 0.0
 18.594858 0.365 0.48416266 0.48416266 1.6552118 0.0
 18.625557 0.406 0.4842406 0.4842406 1.569412 0.0
 18.656258 0.385 0.48431838 0.48431838 1.6116459 0.0
 18.686958 0.51 0.48439598 0.48439598 1.4002801 0.0
 18.717657 0.479 0.48447344 0.48447344 1.4448816 0.0
 18.748259 0.594 0.48455048 0.48455048 1.2974982 0.0
 18.778957 0.365 0.4846276 0.4846276 1.6552118 0.0
 18.809658 0.313 0.48470455 0.48470455 1.787425 0.0
 18.840359 0.385 0.48478135 0.48478135 1.6116459 0.0
 18.871058 0.562 0.48485798 0.48485798 1.3339263 0.0
 18.901657 0.365 0.4849342 0.4849342 1.6552118 0.0
 18.932358 0.552 0.4850105 0.4850105 1.3459548 0.0
 18.963058 0.437 0.48508665 0.48508665 1.5127226 0.0
 18.993757 0.635 0.48516262 0.48516262 1.2549117 0.0
 19.024458 0.375 0.48523843 0.48523843 1.6329932 0.0
 19.055058 0.479 0.48531386 0.48531386 1.4448816 0.0
 19.085758 0.417 0.48538935 0.48538935 1.5485741 0.0
 19.116457 0.437 0.48546466 0.48546466 1.5127226 0.0
 19.147158 0.562 0.48553982 0.48553982 1.3339263 0.0
 19.177757 0.479 0.4856146 0.4856146 1.4448816 0.0
 19.208458 0.417 0.48568943 0.48568943 1.5485741 0.0
 19.239159 0.458 0.48576412 0.48576412 1.4776353 0.0
 19.269857 0.458 0.48583862 0.48583862 1.4776353 0.0
 19.300558 0.479 0.48591298 0.48591298 1.4448816 0.0
 19.331158 0.323 0.48598692 0.48598692 1.7595384 0.0
 19.361858 0.417 0.48606095 0.48606095 1.5485741 0.0
 19.392557 0.51 0.4861348 0.4861348 1.4002801 0.0
 19.423258 0.437 0.4862085 0.4862085 1.5127226 0.0
 19.453959 0.49 0.48628202 0.48628202 1.4285715 0.0
 19.484558 0.406 0.48635516 0.48635516 1.569412 0.0
 19.515257 0.385 0.48642838 0.48642838 1.6116459 0.0
 19.545958 0.479 0.48650143 0.48650143 1.4448816 0.0
 19.576658 0.615 0.4865743 0.4865743 1.2751534 0.0
 19.607357 0.458 0.486647 0.486647 1.4776353 0.0
 19.637959 0.469 0.48671934 0.48671934 1.4602041 0.0
 19.668657 0.437 0.48679173 0.48679173 1.5127226 0.0
 19.699358 0.563 0.48686394 0.48686394 1.3327411 0.0
 19.730059 0.458 0.486936 0.486936 1.4776353 0.0
 19.760658 0.417 0.48700768 0.48700768 1.5485741 0.0
 19.791357 0.552 0.4870794 0.4870794 1.3459548 0.0
 19.822058 0.333 0.487151 0.487151 1.7329174 0.0
 19.852758 0.542 0.4872224 0.4872224 1.3583145 0.0
 19.883457 0.365 0.48729366 0.48729366 1.6552118 0.0
 19.914059 0.521 0.48736453 0.48736453 1.385419 0.0
 19.944757 0.323 0.48743543 0.48743543 1.7595384 0.0
 19.975458 0.5 0.4875062 0.4875062 1.4142135 0.0
 20.006157 0.406 0.4875768 0.4875768 1.569412 0.0
 20.036858 0.469 0.48764724 0.48764724 1.4602041 0.0
 20.067457 0.5 0.48771727 0.48771727 1.4142135 0.0
 20.098158 0.479 0.4877874 0.4877874 1.4448816 0.0
 20.128859 0.458 0.48785734 0.48785734 1.4776353 0.0
 20.159557 0.437 0.4879271 0.4879271 1.5127226 0.0
 20.190258 0.531 0.48799673 0.48799673 1.3723116 0.0
 20.220858 0.417 0.48806596 0.48806596 1.5485741 0.0
 20.251558 0.542 0.48813525 0.48813525 1.3583145 0.0
 20.282257 0.5 0.4882044 0.4882044 1.4142135 0.0
 20.312958 0.448 0.48827335 0.48827335 1.4940357 0.0
 20.343557 0.458 0.48834193 0.48834193 1.4776353 0.0
 20.374258 0.531 0.48841056 0.48841056 1.3723116 0.0
 20.404959 0.448 0.48847905 0.48847905 1.4940357 0.0
 20.435658 0.417 0.48854735 0.48854735 1.5485741 0.0
 20.466358 0.594 0.4886155 0.4886155 1.2974982 0.0
 20.496958 0.437 0.48868328 0.48868328 1.5127226 0.0
 20.527658 0.427 0.4887511 0.4887511 1.5303334 0.0
 20.558357 0.49 0.48881876 0.48881876 1.4285715 0.0
 20.589058 0.49 0.48888627 0.48888627 1.4285715 0.0
 20.619759 0.5 0.48895362 0.48895362 1.4142135 0.0
 20.650358 0.385 0.48902056 0.48902056 1.6116459 0.0
 20.681057 0.521 0.48908758 0.48908758 1.385419 0.0
 20.711758 0.521 0.48915443 0.48915443 1.385419 0.0
 20.742458 0.375 0.4892211 0.4892211 1.6329932 0.0
 20.773157 0.625 0.4892876 0.4892876 1.264911 0.0
 20.803759 0.448 0.48935378 0.48935378 1.4940357 0.0
 20.834457 0.479 0.48941997 0.48941997 1.4448816 0.0
 20.865158 0.417 0.48948598 0.48948598 1.5485741 0.0
 20.895859 0.396 0.48955184 0.48955184 1.5891043 0.0
 20.926458 0.469 0.48961735 0.48961735 1.4602041 0.0
 20.957157 0.51 0.48968288 0.48968288 1.4002801 0.0
 20.987858 0.594 0.48974827 0.48974827 1.2974982 0.0
 21.018559 0.437 0.48981348 0.48981348 1.5127226 0.0
 21.049257 0.448 0.48987854 0.48987854 1.4940357 0.0
 21.079859 0.437 0.4899432 0.4899432 1.5127226 0.0
 21.110558 0.469 0.49000794 0.49000794 1.4602041 0.0
 21.141258 0.542 0.4900725 0.4900725 1.3583145 0.0
 21.171957 0.521 0.4901369 0.4901369 1.385419 0.0
 21.202658 0.406 0.49020115 0.49020115 1.569412 0.0
 21.233257 0.531 0.490265 0.490265 1.3723116 0.0
 21.263958 0.448 0.4903289 0.4903289 1.4940357 0.0
 21.294659 0.344 0.49039266 0.49039266 1.7049859 0.0
 21.325357 0.542 0.49045625 0.49045625 1.3583145 0.0
 21.356058 0.406 0.49051967 0.49051967 1.569412 0.0
 21.386658 0.5 0.4905827 0.4905827 1.4142135 0.0
 21.417358 0.542 0.49064583 0.49064583 1.3583145 0.0
 21.448057 0.344 0.49070874 0.49070874 1.7049859 0.0
 21.478758 0.313 0.4907715 0.4907715 1.787425 0.0
 21.509357 0.573 0.4908339 0.4908339 1.3210604 0.0
 21.540058 0.594 0.49089634 0.49089634 1.2974982 0.0
 21.570757 0.646 0.49095863 0.49095863 1.2441815 0.0
 21.601458 0.719 0.49102077 0.49102077 1.1793306 0.0
 21.632158 0.781 0.4910827 0.4910827 1.1315519 0.0
 21.662758 0.552 0.4911443 0.4911443 1.3459548 0.0
 21.693459 0.531 0.49120593 0.49120593 1.3723116 0.0
 21.724157 0.552 0.49126738 0.49126738 1.3459548 0.0
 21.754858 0.594 0.4913287 0.4913287 1.2974982 0.0
 21.785559 0.479 0.49138984 0.49138984 1.4448816 0.0
 21.816158 0.615 0.4914506 0.4914506 1.2751534 0.0
 21.846857 0.542 0.4915114 0.4915114 1.3583145 0.0
 21.877558 0.583 0.49157205 0.49157205 1.3096815 0.0
 21.908258 0.573 0.49163255 0.49163255 1.3210604 0.0
 21.938957 0.552 0.49169287 0.49169287 1.3459548 0.0
 21.969559 0.469 0.49175283 0.49175283 1.4602041 0.0
 22.000257 0.542 0.49181283 0.49181283 1.3583145 0.0
 22.030958 0.542 0.49187267 0.49187267 1.3583145 0.0
 22.061657 0.5 0.49193233 0.49193233 1.4142135 0.0
 22.092258 0.635 0.49199164 0.49199164 1.2549117 0.0
 22.122957 0.646 0.492051 0.492051 1.2441815 0.0
 22.153658 0.583 0.49211016 0.49211016 1.3096815 0.0
 22.184359 0.479 0.4921692 0.4921692 1.4448816 0.0
 22.215057 0.521 0.49222803 0.49222803 1.385419 0.0
 22.245657 0.458 0.49228653 0.49228653 1.4776353 0.0
 22.276358 0.469 0.49234506 0.49234506 1.4602041 0.0
 22.307058 0.521 0.49240345 0.49240345 1.385419 0.0
 22.337757 0.573 0.49246165 0.49246165 1.3210604 0.0
 22.368458 0.656 0.49251968 0.49251968 1.2346619 0.0
 22.399057 0.521 0.49257737 0.49257737 1.385419 0.0
 22.429758 0.531 0.49263507 0.49263507 1.3723116 0.0
 22.460459 0.635 0.49269262 0.49269262 1.2549117 0.0
 22.491158 0.5 0.4927501 0.49275002 1.4142135 9.954875E-8
 22.521858 0.667 0.566524 0.49280724 1.2244388 0.07371681
 22.552458 0.667 0.56978226 0.4928641 1.2244388 0.076918125
 22.583158 0.719 0.6100601 0.492921 1.1793306 0.11713911
 22.613857 0.688 0.6153808 0.49297774 1.205607 0.12240305
 22.644558 0.552 0.62106425 0.4930343 1.3459548 0.12802996
 22.675158 0.656 0.6271242 0.49309054 1.2346619 0.13403365
 22.705858 0.51 0.6336383 0.49314678 1.4002801 0.14049156
 22.736557 0.677 0.64063054 0.49320287 1.2153621 0.14742768
 22.767258 0.667 0.6481492 0.49325877 1.2244388 0.15489042
 22.797958 0.625 0.656249 0.49331453 1.264911 0.16293445
 22.828558 0.625 0.66496235 0.49336994 1.264911 0.17159237
 22.859259 0.667 0.67441636 0.49342537 1.2244388 0.18099101
 22.889957 0.635 0.68466413 0.49348065 1.2549117 0.19118349
 22.920658 0.75 0.69579756 0.49353576 1.1547005 0.20226184
 22.951357 0.688 0.7079224 0.49359068 1.205607 0.21433169
 22.981958 0.687 0.7211154 0.49364528 1.2064842 0.22747014
 23.012657 0.802 0.7356038 0.4936999 1.116639 0.24190393
 23.043358 0.667 0.7515107 0.49375436 1.2244388 0.25775635
 23.074059 0.865 0.7690282 0.49380863 1.0752066 0.27521953
 23.104757 0.917 0.7883821 0.49386278 1.0442761 0.29451936
 23.135357 1.062 0.80976576 0.49391654 0.9703708 0.31584918
 23.166058 0.865 0.8336349 0.49397033 1.0752066 0.33966458
 23.196758 0.719 0.8603024 0.49402398 1.1793306 0.36627844
 23.227457 0.896 0.89022434 0.49407744 1.0564429 0.39614686
 23.258059 1.104 0.92383695 0.49413058 0.9517337 0.42970634
 23.288757 1.156 0.96203357 0.49418375 0.93008167 0.46784982
 23.319458 1.052 1.0055426 0.4942367 0.97497195 0.511306
 23.350159 1.146 1.0553983 0.49428955 0.9341308 0.5611088
 23.380857 1.135 1.1128991 0.4943422 0.9386465 0.6185568
 23.411457 1.198 1.1794578 0.4943945 0.91363263 0.6850633
 23.442158 1.042 1.2576201 0.49444684 0.9796392 0.7631732
 23.472858 1.24 1.3499374 0.49449903 0.8980265 0.8554384
 23.503557 1.354 1.4600456 0.49455103 0.85939074 0.9654946
 23.534258 1.271 1.5928262 0.49460286 0.88700736 1.0982234
 23.564857 1.364 1.7543695 0.49465436 0.85623467 1.2597152
 23.595558 1.458 1.9550208 0.4947059 0.82817334 1.460315
 23.626257 1.813 2.2076147 0.49475724 0.74267894 1.7128574
 23.656958 2.0 2.5317078 0.49480844 0.70710677 2.0368993
 23.687658 2.281 2.956962 0.49485946 0.662121 2.4621027
 23.718258 3.073 3.527891 0.49491015 0.5704515 3.032981
 23.748959 3.708 4.3247876 0.49496084 0.5193141 3.8298266
 23.779657 5.114 5.480181 0.4950114 0.44220093 4.98517
 23.810358 7.448 7.2684846 0.49506176 0.36642084 6.7734227
 23.840958 11.73 10.56003 0.4951118 0.29197857 10.064918
 23.871658 24.082 19.305243 0.49516186 0.20377633 18.810081
 23.902357 49.382 45.9412 0.49521172 0.14230353 45.445988
 23.933058 102.513 106.24422 0.49526146 0.0987667 105.748955
 23.963758 182.276 181.89699 0.49531102 0.07406879 181.40167
 23.994358 201.152 198.18442 0.49536026 0.07050791 197.68906
 24.025059 151.64 161.46214 0.4954095 0.08120693 160.96674
 24.055758 106.784 105.984344 0.49545854 0.096771374 105.48889
 24.086458 51.777 53.01451 0.49550745 0.13897336 52.519005
 24.117157 23.842 23.440516 0.4955562 0.20479938 22.94496
 24.147758 12.886 11.820514 0.4956046 0.27857423 11.324909
 24.178457 7.771 7.6157947 0.49565303 0.35872492 7.1201415
 24.209158 5.802 5.6345816 0.49570128 0.41515583 5.1388803
 24.239859 4.031 4.4178476 0.49574938 0.4980737 3.9220984
 24.270557 3.156 3.589663 0.4957973 0.5629003 3.0938656
 24.301157 2.448 3.000266 0.4958449 0.6391375 2.5044212
 24.331858 2.594 2.5633523 0.4958925 0.6208905 2.0674598
 24.362558 2.01 2.2315884 0.49593994 0.70534563 1.7356485
 24.393257 1.844 1.9737583 0.4959872 0.7364098 1.477771
 24.423859 1.614 1.7700164 0.49603418 0.7871332 1.2739823
 24.454557 1.458 1.6052251 0.4960811 0.82817334 1.109144
 24.485258 1.344 1.4704818 0.4961279 0.86258197 0.97435385
 24.515957 1.135 1.3589019 0.49617454 0.9386465 0.8627273
 24.546658 1.385 1.2654655 0.49622098 0.8497186 0.76924443
 24.577257 1.146 1.1866798 0.49626714 0.9341308 0.69041276
 24.607958 1.323 1.1192183 0.49631327 0.86940086 0.6229051
 24.638659 1.385 1.0611966 0.49635923 0.8497186 0.5648373
 24.669357 1.219 1.0109328 0.49640504 0.90572876 0.5145278
 24.700058 1.24 0.967104 0.4964507 0.8980265 0.47065333
 24.730658 1.167 0.92877495 0.49649602 0.92568785 0.43227893
 24.761358 0.906 0.8948513 0.49654132 1.0505964 0.39830998
 24.792057 1.104 0.8647801 0.49658647 0.9517337 0.36819366
 24.822758 1.062 0.83800006 0.49663147 0.9703708 0.3413686
 24.853458 0.99 0.81404835 0.4966763 1.0050378 0.31737208
 24.884058 0.833 0.79260737 0.49672082 1.0956643 0.29588652
 24.914759 0.833 0.7732165 0.49676532 1.0956643 0.27645117
 24.945457 0.896 0.75567955 0.49680966 1.0564429 0.2588699
 24.976158 0.812 0.7397679 0.49685383 1.1097419 0.24291405
 25.006758 0.948 0.7253322 0.4968977 1.02706 0.22843449
 25.037458 0.927 0.71211237 0.49694157 1.0386282 0.2151708
 25.068157 0.958 0.70001495 0.49698526 1.0216855 0.20302972
 25.098858 0.906 0.6889168 0.49702877 1.0505964 0.19188805
 25.129559 0.615 0.6787111 0.49707213 1.2751534 0.18163902
 25.160158 0.885 0.6693345 0.4971152 1.062988 0.1722193
 25.190857 0.812 0.6606447 0.4971582 1.1097419 0.16348648
 25.221558 0.875 0.65260255 0.49720109 1.069045 0.15540147
 25.252258 1.042 0.64514554 0.4972438 0.9796392 0.14790173
 25.282957 0.719 0.63821846 0.49728635 1.1793306 0.1409321
 25.313559 0.76 0.6317928 0.49732858 1.1470786 0.13446419
 25.344257 0.625 0.62578326 0.4973708 1.264911 0.12841249
 25.374958 0.656 0.6201732 0.49741286 1.2346619 0.12276035
 25.405659 0.656 0.61492807 0.49745473 1.2346619 0.11747334
 25.436357 0.604 0.6100172 0.4974965 1.2867125 0.11252068
 25.466957 0.594 0.53544575 0.4975379 1.2974982 0.037907865
 25.497658 0.698 0.53391343 0.4975793 1.1969397 0.036334116
 25.528358 0.562 0.49762055 0.49762055 1.3339263 0.0
 25.559057 0.646 0.49766162 0.49766162 1.2441815 0.0
 25.589659 0.615 0.4977024 0.4977024 1.2751534 0.0
 25.620358 0.49 0.49774316 0.49774316 1.4285715 0.0
 25.651058 0.542 0.49778375 0.49778375 1.3583145 0.0
 25.681757 0.635 0.49782416 0.49782416 1.2549117 0.0
 25.712458 0.562 0.49786443 0.49786443 1.3339263 0.0
 25.743057 0.708 0.4979044 0.4979044 1.1884568 0.0
 25.773758 0.646 0.49794433 0.49794433 1.2441815 0.0
 25.804459 0.604 0.49798408 0.49798408 1.2867125 0.0
 25.835157 0.5 0.49802372 0.49802372 1.4142135 0.0
 25.865858 0.531 0.49806315 0.49806315 1.3723116 0.0
 25.896458 0.552 0.4981023 0.4981023 1.3459548 0.0
 25.927158 0.5 0.4981414 0.4981414 1.4142135 0.0
 25.957857 0.594 0.4981804 0.4981804 1.2974982 0.0
 25.988558 0.521 0.49821916 0.49821916 1.385419 0.0
 26.019258 0.583 0.4982578 0.4982578 1.3096815 0.0
 26.049858 0.604 0.49829614 0.49829614 1.2867125 0.0
 26.080559 0.479 0.49833444 0.49833444 1.4448816 0.0
 26.111258 0.594 0.49837258 0.49837258 1.2974982 0.0
 26.141958 0.51 0.49841055 0.49841055 1.4002801 0.0
 26.172558 0.479 0.49844825 0.49844825 1.4448816 0.0
 26.203259 0.604 0.4984859 0.4984859 1.2867125 0.0
 26.233957 0.479 0.49852338 0.49852338 1.4448816 0.0
 26.264658 0.479 0.49856073 0.49856073 1.4448816 0.0
 26.295359 0.385 0.4985979 0.4985979 1.6116459 0.0
 26.325958 0.417 0.49863476 0.49863476 1.5485741 0.0
 26.356657 0.594 0.4986716 0.4986716 1.2974982 0.0
 26.387358 0.552 0.49870828 0.49870828 1.3459548 0.0
 26.418058 0.458 0.4987448 0.4987448 1.4776353 0.0
 26.448757 0.51 0.4987811 0.4987811 1.4002801 0.0
 26.479359 0.448 0.49881718 0.49881718 1.4940357 0.0
 26.510057 0.427 0.4988532 0.4988532 1.5303334 0.0
 26.540758 0.573 0.49888906 0.49888906 1.3210604 0.0
 26.571457 0.583 0.49892476 0.49892476 1.3096815 0.0
 26.602158 0.437 0.4989603 0.4989603 1.5127226 0.0
 26.632757 0.615 0.49899554 0.49899554 1.2751534 0.0
 26.663458 0.406 0.49903074 0.49903074 1.569412 2.409862E-12
 26.694159 0.604 0.4994249 0.4990658 1.2867125 3.5912794E-4
 26.724857 0.49 0.49947497 0.49910066 1.4285715 3.7429333E-4
 26.755457 0.427 0.4997023 0.49913526 1.5303334 5.670221E-4
 26.786158 0.49 0.49976146 0.49916983 1.4285715 5.916386E-4
 26.816858 0.396 0.4998221 0.49920422 1.5891043 6.178939E-4
 26.847557 0.458 0.49988437 0.49923843 1.4776353 6.459366E-4
 26.878258 0.292 0.49994844 0.4992725 1.8505831 6.759328E-4
 26.908857 0.531 0.50001425 0.4993063 1.3723116 7.0796E-4
 26.939558 0.552 0.50008243 0.49934003 1.3459548 7.4243516E-4
 26.970259 0.448 0.50015306 0.49937358 1.4940357 7.7949173E-4
 27.000957 0.49 0.5002264 0.499407 1.4285715 8.1939384E-4
 27.031658 0.427 0.5003027 0.49944025 1.5303334 8.624406E-4
 27.062258 0.521 0.50038207 0.49947324 1.385419 9.088137E-4
 27.092958 0.5 0.50046533 0.49950615 1.4142135 9.5920154E-4
 27.123657 0.521 0.50055283 0.4995389 1.385419 0.0010138999
 27.154358 0.365 0.5006449 0.4995715 1.6552118 0.0010734147
 27.185059 0.521 0.50074226 0.49960393 1.385419 0.0011383286
 27.215658 0.604 0.5008452 0.4996361 1.2867125 0.0012090732
 27.246357 0.437 0.5009551 0.4996682 1.5127226 0.0012868905
 27.277058 0.5 0.50107265 0.49970016 1.4142135 0.001372471
 27.307758 0.49 0.5011988 0.49973193 1.4285715 0.001466883
 27.338358 0.385 0.5013345 0.49976343 1.6116459 0.0015710264
 27.369059 0.51 0.50148195 0.4997949 1.4002801 0.0016870685
 27.399757 0.521 0.50164264 0.4998262 1.385419 0.001816462
 27.430458 0.677 0.50181866 0.4998573 1.2153621 0.001961337
 27.461159 0.5 0.50201255 0.49988827 1.4142135 0.002124265
 27.491758 0.448 0.5022267 0.49991897 1.4940357 0.0023077386
 27.522457 0.604 0.5024664 0.4999496 1.2867125 0.0025167828
 27.553158 0.615 0.5027357 0.4999801 1.2751534 0.00275558
 27.583858 0.563 0.50304043 0.5000104 1.3327411 0.0030300573
 27.614557 0.542 0.5033882 0.50004053 1.3583145 0.003347694
 27.645159 0.656 0.50378716 0.50007045 1.2346619 0.0037167324
 27.675858 0.49 0.50425214 0.50010026 1.4285715 0.0041518845
 27.706558 0.375 0.5047981 0.50012994 1.6329932 0.0046681934
 27.737257 0.479 0.50544655 0.50015944 1.4448816 0.0052871644
 27.767958 0.667 0.50622666 0.50018877 1.2244388 0.0060379207
 27.798557 0.604 0.50717515 0.5002178 1.2867125 0.0069573424
 27.829258 0.469 0.50835484 0.5002468 1.4602041 0.008108043
 27.859959 0.448 0.50984514 0.5002757 1.4940357 0.009569485
 27.890657 0.49 0.5117686 0.50030434 1.4285715 0.011464216
 27.921257 0.5 0.5143047 0.5003328 1.4142135 0.013971906
 27.951958 0.583 0.5398404 0.50036114 1.3096815 0.039479267
 27.982658 0.594 0.54566455 0.50038934 1.2974982 0.045275252
 28.013357 0.458 0.56476086 0.50041735 1.4776353 0.06434349
 28.044058 0.562 0.5784423 0.5004452 1.3339263 0.07799703
 28.074657 0.563 0.6066139 0.50047284 1.3327411 0.10614103
 28.105358 0.667 0.68290645 0.5005004 1.2244388 0.18240608
 28.136057 1.083 0.8692538 0.50052774 0.96091676 0.36872607
 28.166758 1.187 1.1704818 0.500555 0.9178562 0.6699269
 28.197458 1.187 1.3641474 0.500582 0.9178562 0.86356544
 28.228058 1.385 1.2750777 0.5006088 0.8497186 0.77446896
 28.258759 1.125 1.1316842 0.5006355 0.94280905 0.6310486
 28.289457 0.99 0.93779147 0.5006621 1.0050378 0.4371294
 28.320158 0.635 0.7546962 0.5006885 1.2549117 0.2540077
 28.350859 0.667 0.6525668 0.5007147 1.2244388 0.15185206
 28.381458 0.708 0.61227596 0.5007407 1.1884568 0.11153526
 28.412157 0.594 0.5985472 0.50076663 1.2974982 0.097780615
 28.442858 0.583 0.59369034 0.5007924 1.3096815 0.09289798
 28.473558 0.687 0.5924094 0.50081795 1.2064842 0.09159142
 28.504158 0.552 0.59322083 0.5008433 1.3459548 0.09237756
 28.534859 0.583 0.59553516 0.5008685 1.3096815 0.094666615
 28.565557 0.615 0.5990521 0.5008936 1.2751534 0.09815846
 28.596258 0.708 0.603623 0.50091857 1.1884568 0.10270441
 28.626957 0.479 0.6091911 0.5009433 1.4448816 0.10824783
 28.657558 0.573 0.6157394 0.50096786 1.3210604 0.11477157
 28.688257 0.677 0.6233643 0.5009923 1.2153621 0.12237206
 28.718958 0.823 0.6321423 0.50101656 1.1023006 0.13112575
 28.749659 0.594 0.64221126 0.5010407 1.2974982 0.1411706
 28.780357 0.719 0.6537547 0.5010646 1.1793306 0.1526901
 28.810957 0.604 0.66696304 0.5010883 1.2867125 0.16587472
 28.841658 0.615 0.6822234 0.5011119 1.2751534 0.18111143
 28.872358 0.781 0.69987917 0.5011354 1.1315519 0.19874378
 28.903057 0.812 0.7204207 0.5011587 1.1097419 0.21926203
 28.933758 0.49 0.7444794 0.50118184 1.4285715 0.24329755
 28.964357 0.781 0.77277595 0.5012047 1.1315519 0.27157122
 28.995058 0.781 0.8065745 0.50122756 1.1315519 0.30534697
 29.025759 0.677 0.84723705 0.5012502 1.2153621 0.34598687
 29.056458 0.844 0.89673275 0.5012727 1.0885009 0.39546007
 29.087057 0.823 0.95757353 0.5012949 1.1023006 0.4562786
 29.117758 0.875 1.0340254 0.5013171 1.069045 0.53270835
 29.148458 0.823 1.1315601 0.5013391 1.1023006 0.63022107
 29.179157 0.969 1.258665 0.5013609 1.01587 0.7573041
 29.209858 1.156 1.4285496 0.5013826 0.93008167 0.92716706
 29.240458 1.437 1.6617602 0.501404 0.83420277 1.1603562
 29.271158 1.406 1.9965858 0.5014253 0.84334904 1.4951605
 29.301857 2.385 2.5054216 0.50144655 0.6475239 2.0039752
 29.332558 3.438 3.3999615 0.5014675 0.53932065 2.8984938
 29.363258 5.761 5.503237 0.5014884 0.4166305 5.001748
 29.393858 9.916 11.246342 0.501509 0.31756434 10.744832
 29.424559 20.561 24.083406 0.5015295 0.22053519 23.581877
 29.455257 42.58 41.851826 0.5015499 0.15324883 41.350277
 29.485958 53.606 48.602337 0.5015701 0.13658194 48.100765
 29.516659 41.71 41.269947 0.50159013 0.15483885 40.76836
 29.547258 35.435 33.166565 0.5016099 0.16799013 32.664955
 29.577957 23.384 21.801638 0.50162965 0.20679528 21.300007
 29.608658 11.155 11.512318 0.5016492 0.29940924 11.010669
 29.639359 5.511 5.811902 0.5016686 0.42597568 5.3102336
 29.669958 3.365 3.4398048 0.50168777 0.54513925 2.938117
 29.700657 2.469 2.4648278 0.5017068 0.63641363 1.9631208
 29.731358 1.552 1.9550745 0.5017257 0.80270165 1.4533489
 29.762058 1.406 1.6292129 0.50174445 0.84334904 1.1274683
 29.792757 1.135 1.402505 0.501763 0.9386465 0.90074205
 29.823359 1.125 1.23864 0.50178134 0.94280905 0.7368586
 29.854057 0.958 1.1155076 0.5017996 1.0216855 0.613708
 29.884758 0.792 1.0209248 0.50181764 1.1236664 0.5191071
 29.915459 0.771 0.94668865 0.5018356 1.1388664 0.44485307
 29.946157 0.729 0.887347 0.50185335 1.171214 0.38549367
 29.976757 0.792 0.8393028 0.5018709 1.1236664 0.33743188
 30.007458 0.781 0.7996138 0.5018883 1.1315519 0.29772547
 30.038158 0.875 0.7665524 0.50190556 1.069045 0.2646468
 30.068857 0.813 0.7387197 0.50192267 1.1090592 0.23679703
 30.099558 0.75 0.71506774 0.5019396 1.1547005 0.21312813
 30.130157 0.656 0.69486 0.5019563 1.2346619 0.19290367
 30.160858 0.75 0.6773498 0.5019729 1.1547005 0.17537689
 30.191557 0.76 0.66212624 0.50198936 1.1470786 0.16013686
 30.222258 0.667 0.6488077 0.50200564 1.2244388 0.14680207
 30.252857 0.677 0.637125 0.50202173 1.2153621 0.13510332
 30.283558 0.667 0.62675613 0.5020377 1.2244388 0.12471843
 30.314259 0.583 0.6175407 0.5020535 1.3096815 0.11548727
 30.344957 0.583 0.6093141 0.5020691 1.3096815 0.10724496
 30.375658 0.781 0.6019396 0.50208455 1.1315519 0.09985507
 30.406258 0.667 0.59532434 0.5020998 1.2244388 0.09322448
 30.436958 0.573 0.5893297 0.50211495 1.3210604 0.08721477
 30.467657 0.583 0.58389825 0.50213 1.3096815 0.08176826
 30.498358 0.562 0.5789615 0.50214475 1.3339263 0.0768167
 30.529058 0.75 0.5744613 0.5021594 1.1547005 0.07230185
 30.559658 0.635 0.57036054 0.50217384 1.2549117 0.06818667
 30.590359 0.542 0.5665896 0.5021882 1.3583145 0.064401396
 30.621058 0.583 0.56312525 0.50220233 1.3096815 0.060922913
 30.651758 0.583 0.5599353 0.50221634 1.3096815 0.057718918
 30.682457 0.615 0.55699146 0.5022302 1.2751534 0.05476126
 30.713058 0.688 0.5542777 0.5022438 1.205607 0.0520339
 30.743757 0.813 0.5517548 0.50225735 1.1090592 0.049497433
 30.774458 0.708 0.5494127 0.5022707 1.1884568 0.047142055
 30.805159 0.729 0.54723483 0.5022839 1.171214 0.044950932
 30.835758 0.687 0.5452124 0.50229686 1.2064842 0.04291556
 30.866457 0.583 0.5433191 0.50230974 1.3096815 0.041009393
 30.897158 0.656 0.5415499 0.50232244 1.2346619 0.03922749
 30.927858 0.708 0.5398942 0.50233495 1.1884568 0.037559275
 30.958557 0.531 0.5383426 0.5023473 1.3723116 0.03599528
 30.989159 0.562 0.5368911 0.5023595 1.3339263 0.034531634
 31.019857 0.583 0.5141461 0.50237155 1.3096815 0.011774575
 31.050558 0.656 0.51368207 0.5023834 1.2346619 0.0112986555
 31.081259 0.646 0.5132461 0.50239515 1.2441815 0.010851008
 31.111958 0.583 0.50240666 0.50240666 1.3096815 0.0
 31.142557 0.427 0.50241804 0.50241804 1.5303334 0.0
 31.173258 0.521 0.50242925 0.50242925 1.385419 0.0
 31.203959 0.51 0.50244033 0.50244033 1.4002801 0.0
 31.234657 0.49 0.50245124 0.50245124 1.4285715 0.0
 31.265358 0.625 0.50246197 0.50246197 1.264911 0.0
 31.295958 0.573 0.5024725 0.5024725 1.3210604 0.0
 31.326658 0.625 0.50248295 0.50248295 1.264911 0.0
 31.357357 0.437 0.5024932 0.5024932 1.5127226 0.0
 31.388058 0.604 0.5025033 0.5025033 1.2867125 0.0
 31.418657 0.552 0.5025132 0.5025132 1.3459548 0.0
 31.449358 0.469 0.5025229 0.5025229 1.4602041 0.0
 31.480059 0.583 0.5025325 0.5025325 1.3096815 0.0
 31.510757 0.594 0.50254196 0.50254196 1.2974982 0.0
 31.541458 0.635 0.5025512 0.5025512 1.2549117 0.0
 31.572058 0.458 0.5025603 0.5025603 1.4776353 0.0
 31.602758 0.417 0.50256926 0.50256926 1.5485741 0.0
 31.633457 0.51 0.502578 0.502578 1.4002801 0.0
 31.664158 0.542 0.50258666 0.50258666 1.3583145 0.0
 31.694859 0.469 0.50259507 0.50259507 1.4602041 0.0
 31.725458 0.542 0.50260335 0.50260335 1.3583145 0.0
 31.756157 0.667 0.5026115 0.5026115 1.2244388 0.0
 31.786858 0.354 0.50261945 0.50261945 1.6807317 0.0
 31.817558 0.5 0.50262725 0.50262725 1.4142135 0.0
 31.848257 0.583 0.5026349 0.5026349 1.3096815 0.0
 31.878859 0.49 0.50264233 0.50264233 1.4285715 0.0
 31.909557 0.51 0.50264966 0.50264966 1.4002801 0.0
 31.940258 0.521 0.5026568 0.5026568 1.385419 0.0
 31.970959 0.667 0.5026638 0.5026638 1.2244388 0.0
 32.001556 0.552 0.5026706 0.5026706 1.3459548 0.0
 32.032257 0.333 0.50267726 0.50267726 1.7329174 0.0
 32.062958 0.51 0.50268376 0.50268376 1.4002801 0.0
 32.09366 0.51 0.5026901 0.5026901 1.4002801 0.0
 32.12436 0.448 0.5026963 0.5026963 1.4940357 0.0
 32.154957 0.479 0.5027023 0.5027023 1.4448816 0.0
 32.185658 0.594 0.50270814 0.50270814 1.2974982 0.0
 32.21636 0.552 0.5027138 0.5027138 1.3459548 0.0
 32.24706 0.677 0.50271934 0.50271934 1.2153621 0.0
 32.27776 0.594 0.50272465 0.50272465 1.2974982 0.0
 32.308357 0.5 0.50272983 0.50272983 1.4142135 0.0
 32.339058 0.542 0.5027349 0.5027349 1.3583145 0.0
 32.36976 0.615 0.5027397 0.5027397 1.2751534 0.0
 32.40046 0.646 0.50274444 0.50274444 1.2441815 0.0
 32.431156 0.594 0.50274897 0.50274897 1.2974982 0.0
 32.461758 0.573 0.5027534 0.5027534 1.3210604 0.0
 32.49246 0.552 0.50275755 0.50275755 1.3459548 0.0
 32.52316 0.469 0.5027616 0.5027616 1.4602041 3.4979828E-14
 32.55386 0.51 0.5464471 0.50276554 1.4002801 0.04368156
 32.584457 0.615 0.5481586 0.50276923 1.2751534 0.045389384
 32.615158 0.604 0.5499782 0.5027728 1.2867125 0.047205407
 32.64586 0.656 0.5738214 0.5027762 1.2346619 0.07104521
 32.67656 0.646 0.57673424 0.5027794 1.2441815 0.073954806
 32.707256 0.594 0.5798294 0.5027825 1.2974982 0.07704692
 32.737858 0.51 0.5831115 0.5027854 1.4002801 0.0803261
 32.76856 0.552 0.58661914 0.5027881 1.3459548 0.08383102
 32.79926 0.708 0.59036124 0.50279075 1.1884568 0.08757051
 32.829956 0.708 0.59435916 0.50279313 1.1884568 0.091566
 32.860657 0.625 0.5986368 0.5027954 1.264911 0.095841385
 32.89126 0.573 0.6032055 0.5027975 1.3210604 0.10040801
 32.92196 0.594 0.6081251 0.50279945 1.2974982 0.105325684
 32.95266 0.656 0.613415 0.5028012 1.2346619 0.11061384
 32.983356 0.615 0.61911345 0.5028028 1.2751534 0.116310626
 33.014057 0.677 0.6252635 0.5028042 1.2153621 0.12245929
 33.04466 0.604 0.6318919 0.50280553 1.2867125 0.12908642
 33.07536 0.76 0.63909775 0.50280666 1.1470786 0.1362911
 33.106056 0.667 0.6469241 0.5028076 1.2244388 0.14411652
 33.136757 0.604 0.6554445 0.5028084 1.2867125 0.15263611
 33.16736 0.781 0.66471183 0.502809 1.1315519 0.16190284
 33.19806 0.781 0.67488444 0.50280946 1.1315519 0.17207496
 33.228756 0.75 0.686047 0.50280976 1.1547005 0.18323728
 33.259457 0.594 0.69833255 0.5028099 1.2974982 0.19552267
 33.290157 0.75 0.711897 0.5028099 1.1547005 0.2090871
 33.32076 0.792 0.72687274 0.5028097 1.1236664 0.22406307
 33.35146 0.677 0.7435754 0.50280935 1.2153621 0.24076608
 33.382156 0.646 0.76221913 0.5028088 1.2441815 0.2594103
 33.412857 0.823 0.7831168 0.50280815 1.1023006 0.28030866
 33.443558 0.854 0.8066474 0.5028073 1.0821091 0.30384013
 33.47416 0.885 0.83318055 0.5028063 1.062988 0.33037424
 33.504856 0.729 0.86345583 0.5028051 1.171214 0.36065066
 33.535557 0.969 0.8980957 0.5028038 1.01587 0.39529195
 33.566257 0.99 0.9379822 0.5028023 1.0050378 0.43517986
 33.59696 0.906 0.9842314 0.50280064 1.0505964 0.48143077
 33.62756 1.021 1.038083 0.50279886 0.9896625 0.5352841
 33.658257 0.906 1.1017382 0.5027969 1.0505964 0.5989413
 33.688957 1.062 1.1774751 0.50279474 0.9703708 0.6746804
 33.719658 1.0 1.2685577 0.5027924 1.0 0.7657653
 33.75026 1.365 1.3790315 0.5027899 0.855921 0.87624156
 33.780956 1.208 1.5157758 0.5027873 0.90984315 1.0129884
 33.811657 1.479 1.6872401 0.5027845 0.8222728 1.1844556
 33.842358 1.958 1.9062402 0.50278157 0.71465045 1.4034587
 33.87306 1.917 2.1920738 0.5027784 0.7222523 1.6892955
 33.903656 2.458 2.5734107 0.50277513 0.63783604 2.0706356
 33.934357 2.906 3.1016994 0.5027717 0.5866137 2.5989275
 33.965057 4.146 3.862139 0.5027681 0.49111745 3.359371
 33.995758 5.177 5.0411096 0.5027643 0.43950206 4.538345
 34.02646 8.51 7.213024 0.50276035 0.34279558 6.7102637
 34.057056 13.499 12.264264 0.5027563 0.2721756 11.761507
 34.087757 24.498 24.56665 0.502752 0.20203875 24.0639
 34.118458 46.845 48.16438 0.5027476 0.14610611 47.661633
 34.14916 75.408 75.84749 0.502743 0.115157254 75.34474
 34.17986 81.775 80.76135 0.50273824 0.11058334 80.25861
 34.210457 62.797 66.90832 0.50273335 0.12619163 66.40558
 34.241158 56.871 56.80477 0.5027282 0.13260338 56.302044
 34.27186 44.616 42.5393 0.502723 0.14971134 42.036575
 34.30256 24.48 25.065601 0.5027176 0.20211302 24.562883
 34.333157 14.25 13.325836 0.5027121 0.26490647 12.823124
 34.363857 7.947 7.5396767 0.5027063 0.3547304 7.03697
 34.394558 5.604 5.02864 0.5027004 0.42242628 4.525939
 34.42526 3.927 3.7902784 0.50269437 0.5046259 3.287584
 34.45596 3.042 3.0363042 0.5026881 0.5733508 2.533616
 34.486557 2.552 2.5219414 0.50268173 0.6259789 2.0192597
 34.517258 2.167 2.1496649 0.50267524 0.67931396 1.6469897
 34.54796 1.479 1.8720578 0.5026685 0.8222728 1.3693893
 34.57866 1.479 1.6594411 0.50266165 0.8222728 1.1567795
 34.609356 1.437 1.4929444 0.5026546 0.83420277 0.9902898
 34.639957 1.177 1.3604811 0.5026474 0.9217471 0.85783374
 34.67066 1.115 1.2526878 0.50264007 0.94702744 0.7500477
 34.70136 1.052 1.1640626 0.5026325 0.97497195 0.66143006
 34.73206 0.948 1.0903046 0.5026248 1.02706 0.5876798
 34.762756 1.031 1.0282574 0.50261694 0.9848513 0.5256404
 34.793358 1.031 0.97571987 0.50260895 0.9848513 0.47311088
 34.82406 1.073 0.9305598 0.5026008 0.96538407 0.42795902
 34.85476 0.906 0.8915799 0.50259244 1.0505964 0.38898745
 34.885456 0.875 0.85769963 0.5025839 1.069045 0.3551157
 34.916058 1.062 0.8281556 0.5025753 0.9703708 0.32558027
 34.94676 0.906 0.802074 0.50256646 1.0505964 0.29950756
 34.97746 0.771 0.7790075 0.50255746 1.1388664 0.27645
 35.00816 0.688 0.7585077 0.50254834 1.205607 0.25595942
 35.038857 0.854 0.74020696 0.502539 1.0821091 0.23766798
 35.069458 0.865 0.7238517 0.50252956 1.0752066 0.22132216
 35.10016 0.594 0.70908237 0.5025199 1.2974982 0.20656249
 35.13086 0.698 0.69574296 0.5025101 1.1969397 0.19323288
 35.161556 0.76 0.68365437 0.5025001 1.1470786 0.18115424
 35.192257 0.813 0.67266464 0.50249 1.1090592 0.17017466
 35.22286 0.76 0.66267544 0.5024797 1.1470786 0.16019577
 35.25356 0.677 0.6535109 0.50246924 1.2153621 0.15104167
 35.284256 0.646 0.64510953 0.50245863 1.2441815 0.1426509
 35.314957 0.635 0.63738865 0.5024478 1.2549117 0.13494086
 35.345657 0.688 0.6302767 0.5024369 1.205607 0.12783979
 35.37626 0.698 0.6237315 0.5024258 1.1969397 0.121305704
 35.40696 0.698 0.6176558 0.5024145 1.1969397 0.11524133
 35.437656 0.719 0.6120239 0.5024031 1.1793306 0.10962084
 35.468357 0.677 0.6067934 0.50239146 1.2153621 0.10440193
 35.49896 0.677 0.6019422 0.5023797 1.2153621 0.09956248
 35.52966 0.604 0.5974056 0.5023678 1.2867125 0.0950378
 35.560356 0.604 0.5931705 0.5023557 1.2867125 0.09081484
 35.591057 0.667 0.58921075 0.5023434 1.2244388 0.086867325
 35.621758 0.615 0.58550286 0.502331 1.2751534 0.08317182
 35.65236 0.521 0.58204204 0.50231844 1.385419 0.07972356
 35.68306 0.833 0.5787764 0.50230575 1.0956643 0.07647071
 35.713757 0.688 0.5757059 0.5022928 1.205607 0.07341307
 35.744457 0.573 0.5728177 0.50227976 1.3210604 0.07053797
 35.775158 0.802 0.57009286 0.5022665 1.116639 0.06782638
 35.80576 0.635 0.5256032 0.5022531 1.2549117 0.02335003
 35.836456 0.542 0.524696 0.5022396 1.3583145 0.0224564
 35.867157 0.542 0.52383906 0.5022259 1.3583145 0.021613175
 35.897858 0.563 0.5022225 0.502212 1.3327411 1.0486566E-5
 35.92856 0.771 0.5022088 0.5021979 1.1388664 1.0939059E-5
 35.959156 0.708 0.5021952 0.50218374 1.1884568 1.1419874E-5
 35.989857 0.521 0.5021813 0.5021694 1.385419 1.1934848E-5
 36.020557 0.625 0.5021673 0.5021548 1.264911 1.2485472E-5
 36.051258 0.583 0.5021532 0.5021401 1.3096815 1.3075119E-5
 36.08186 0.531 0.50213903 0.5021253 1.3723116 1.3705429E-5
 36.112556 0.594 0.50212467 0.50211024 1.2974982 1.4384758E-5
 36.143257 0.625 0.5021102 0.5020951 1.264911 1.5115904E-5
 36.173958 0.573 0.50209564 0.5020797 1.3210604 1.5904272E-5
 36.20466 0.479 0.502081 0.50206417 1.4448816 1.6756001E-5
 36.235256 0.49 0.50206625 0.50204855 1.4285715 1.7674942E-5
 36.265957 0.479 0.5020514 0.5020327 1.4448816 1.8675046E-5
 36.296658 0.469 0.50203645 0.5020167 1.4602041 1.9762556E-5
 36.32736 0.49 0.5020215 0.5020005 1.4285715 2.0947966E-5
 36.35806 0.552 0.5020065 0.5019842 1.3459548 2.22434E-5
 36.388657 0.458 0.5019914 0.5019677 1.4776353 2.3658067E-5
 36.419357 0.417 0.5019763 0.5019511 1.5485741 2.5217552E-5
 36.450058 0.448 0.50196123 0.5019343 1.4940357 2.69366E-5
 36.48076 0.542 0.5019461 0.5019173 1.3583145 2.8837767E-5
 36.51146 0.573 0.5019311 0.50190014 1.3210604 3.0947733E-5
 36.542057 0.385 0.50191617 0.50188285 1.6116459 3.3290176E-5
 36.572758 0.51 0.5019013 0.5018654 1.4002801 3.5918325E-5
 36.60346 0.438 0.5018866 0.50184774 1.5109947 3.887078E-5
 36.63416 0.5 0.5022469 0.5018299 1.4142135 4.169397E-4
 36.664757 0.677 0.5022465 0.50181204 1.2153621 4.3447484E-4
 36.695457 0.552 0.5022473 0.5017939 1.3459548 4.53375E-4
 36.72616 0.406 0.5024348 0.5017756 1.569412 6.5915775E-4
 36.75686 0.563 0.50244516 0.50175714 1.3327411 6.880088E-4
 36.78756 0.479 0.5024577 0.50173855 1.4448816 7.191526E-4
 36.818157 0.583 0.50247264 0.50171983 1.3096815 7.527997E-4
 36.848858 0.51 0.50249046 0.5017009 1.4002801 7.89571E-4
 36.87956 0.437 0.5025116 0.50168175 1.5127226 8.298681E-4
 36.91026 0.427 0.50253683 0.5016625 1.5303334 8.743433E-4
 36.940956 0.531 0.50256693 0.50164306 1.3723116 9.238553E-4
 36.971558 0.521 0.5026029 0.5016235 1.385419 9.793702E-4
 37.00226 0.406 0.5026466 0.5016038 1.569412 0.0010428575
 37.03296 0.437 0.5027003 0.5015838 1.5127226 0.0011164605
 37.06366 0.552 0.5027674 0.5015637 1.3459548 0.0012036324
 37.094357 0.594 0.5028533 0.5015435 1.2974982 0.0013097627
 37.124958 0.365 0.5029665 0.50152314 1.6552118 0.00144335
 37.15566 0.427 0.50312537 0.5015026 1.5303334 0.0016228176
 37.18636 0.479 0.5033765 0.50148183 1.4448816 0.0018946296
 37.217056 0.396 0.5038661 0.5014609 1.5891043 0.0024051443
 37.247658 0.479 0.5049486 0.5014399 1.4448816 0.003508652
 37.27836 0.5 0.5071077 0.5014187 1.4142135 0.0056889364
 37.30906 0.479 0.510217 0.5013973 1.4448816 0.008819695
 37.339756 0.5 0.5121433 0.50137573 1.4142135 0.010767567
 37.370457 0.552 0.5111021 0.50135404 1.3459548 0.009748019
 37.40106 0.417 0.5098043 0.5013322 1.5485741 0.008472051
 37.43176 0.552 0.5090376 0.50131017 1.3459548 0.0077274195
 37.46246 0.458 0.50749874 0.501288 1.4776353 0.006210741
 37.493156 0.51 0.5058562 0.5012656 1.4002801 0.0045905807
 37.523857 0.531 0.50486076 0.50124305 1.3723116 0.0036176885
 37.55446 0.49 0.5044509 0.50122046 1.4285715 0.0032304798
 37.58516 0.396 0.504362 0.5011976 1.5891043 0.003164417
 37.615856 0.458 0.5044199 0.50117457 1.4776353 0.00324537
 37.646557 0.521 0.5045566 0.5011514 1.385419 0.003405196
 37.677258 0.375 0.5047526 0.501128 1.6329932 0.0036245605
 37.70786 0.573 0.50500333 0.5011046 1.3210604 0.0038987556
 37.73856 0.417 0.505313 0.50108093 1.5485741 0.0042320355
 37.769257 0.5 0.5056873 0.5010571 1.4142135 0.0046302145
 37.799957 0.49 0.5061369 0.50103307 1.4285715 0.0051038186
 37.83056 0.469 0.50667477 0.501009 1.4602041 0.0056657647
 37.86126 0.49 0.50732476 0.50098467 1.4285715 0.006340086
 37.891956 0.563 0.508113 0.5009602 1.3327411 0.007152855
 37.922657 0.5 0.5090776 0.50093555 1.4142135 0.008142067
 37.953358 0.729 0.5102712 0.5009107 1.171214 0.009360474
 37.98396 0.437 0.511763 0.5008858 1.5127226 0.010877172
 38.014656 0.469 0.51367056 0.5008607 1.4602041 0.012809906
 38.045357 0.635 0.51615065 0.50083536 1.2549117 0.015315318
 38.076057 0.437 0.5194515 0.5008099 1.5127226 0.018641612
 38.10676 0.708 0.5239721 0.5007843 1.1884568 0.023187846
 38.13736 0.49 0.53037965 0.5007585 1.4285715 0.0296211
 38.168056 0.521 0.540167 0.5007326 1.385419 0.039434366
 38.198757 0.667 0.5574226 0.5007065 1.2244388 0.056716137
 38.229458 0.552 0.5944483 0.5006802 1.3459548 0.09376817
 38.26016 0.615 0.6781115 0.50065374 1.2751534 0.17745773
 38.290756 0.844 0.8365842 0.5006272 1.0885009 0.33595702
 38.321457 1.083 1.0449195 0.50060046 0.96091676 0.5443191
 38.352158 1.25 1.1353115 0.5005735 0.8944272 0.63473797
 38.38286 1.146 1.0399841 0.5005464 0.9341308 0.5394377
 38.413456 1.021 0.95418155 0.5005192 0.9896625 0.45366234
 38.444157 0.75 0.89796036 0.5004918 1.1547005 0.39746854
 38.474857 0.771 0.7845668 0.5004642 1.1388664 0.28410265
 38.505558 0.698 0.66724515 0.5004364 1.1969397 0.16680868
 38.53626 0.438 0.59256274 0.50040853 1.5109947 0.09215422
 38.566856 0.604 0.555164 0.5003806 1.2867125 0.054783445
 38.597557 0.604 0.53746444 0.5003523 1.2867125 0.03711211
 38.628258 0.458 0.5279802 0.5003239 1.4776353 0.027656285
 38.65896 0.552 0.52194965 0.50029534 1.3459548 0.021654343
 38.68966 0.51 0.51772577 0.5002666 1.4002801 0.017459176
 38.720257 0.406 0.51463187 0.5002378 1.569412 0.014394042
 38.750957 0.438 0.5122779 0.50020874 1.5109947 0.012069143
 38.78166 0.448 0.5104481 0.5001795 1.4940357 0.01026857
 38.81236 0.396 0.50899523 0.50015014 1.5891043 0.008845087
 38.84306 0.5 0.5078205 0.5001206 1.4142135 0.007699875
 38.873657 0.469 0.5068583 0.50009096 1.4602041 0.0067673377
 38.904358 0.583 0.50605404 0.5000611 1.3096815 0.0059929616
 38.93506 0.427 0.5053759 0.50003105 1.5303334 0.0053448374
 38.96576 0.375 0.5047977 0.5000009 1.6329932 0.004796849
 38.996357 0.562 0.5043013 0.49997061 1.3339263 0.0043307287
 39.027058 0.469 0.50386846 0.49994007 1.4602041 0.0039284048
 39.05776 0.448 0.50348413 0.4999094 1.4940357 0.0035747327
 39.08846 0.5 0.50314945 0.49987853 1.4142135 0.0032708908
 39.11916 0.406 0.50285184 0.49984753 1.569412 0.0030042967
 39.149757 0.521 0.5025837 0.49981645 1.385419 0.0027672546
 39.180458 0.5 0.5023438 0.4997851 1.4142135 0.0025586924
 39.21116 0.5 0.5021265 0.4997536 1.4142135 0.0023728905
 39.24186 0.635 0.50192857 0.49972194 1.2549117 0.0022066487
 39.272556 0.594 0.5017474 0.49969012 1.2974982 0.0020573107
 39.303158 0.51 0.5015813 0.49965823 1.4002801 0.0019230734
 39.33386 0.552 0.50142723 0.49962607 1.3459548 0.0018011976
 39.36456 0.458 0.5012843 0.49959373 1.4776353 0.0016905656
 39.395256 0.521 0.5011511 0.49956125 1.385419 0.0015898338
 39.425957 0.437 0.50102645 0.49952862 1.5127226 0.0014978538
 39.45656 0.469 0.5009098 0.4994959 1.4602041 0.0014139023
 39.48726 0.448 0.50079954 0.49946293 1.4940357 0.0013365813
 39.51796 0.427 0.5006952 0.4994298 1.5303334 0.0012654396
 39.548656 0.531 0.50059634 0.4993965 1.3723116 0.0011998353
 39.579258 0.5 0.5005025 0.49936315 1.4142135 0.0011393977
 39.60996 0.51 0.50041276 0.4993295 1.4002801 0.0010832418
 39.64066 0.375 0.5003269 0.49929574 1.6329932 0.0010311406
 39.671356 0.448 0.5002445 0.4992618 1.4940357 9.827123E-4
 39.702057 0.521 0.5001653 0.49922767 1.385419 9.376198E-4
 39.73266 0.469 0.5000892 0.4991935 1.4602041 8.956955E-4
 39.76336 0.469 0.50001544 0.49915907 1.4602041 8.5639965E-4
 39.794056 0.5 0.4999441 0.49912447 1.4142135 8.196356E-4
 39.824757 0.448 0.4998749 0.4990897 1.4940357 7.851904E-4
 39.855457 0.573 0.49980763 0.49905476 1.3210604 7.5287296E-4
 39.88606 0.51 0.4997424 0.49901977 1.4002801 7.2260736E-4
 39.91676 0.406 0.49967858 0.49898452 1.569412 6.940415E-4
 39.947456 0.635 0.49961624 0.4989491 1.2549117 6.671373E-4
 39.978157 0.438 0.4995553 0.49891353 1.5109947 6.4176857E-4
 40.008858 0.458 0.4994956 0.4988778 1.4776353 6.178204E-4
 40.03946 0.51 0.49943724 0.498842 1.4002801 5.952604E-4
 40.070156 0.687 0.49937975 0.4988059 1.2064842 5.7384657E-4
 40.100857 0.5 0.49896848 0.4987697 1.4142135 1.9879351E-4
 40.131557 0.448 0.49892494 0.49873328 1.4940357 1.9163912E-4
 40.16216 0.417 0.49888173 0.49869683 1.5485741 1.8488546E-4
 40.19286 0.49 0.49866012 0.49866012 1.4285715 0.0
 40.223557 0.604 0.49862325 0.49862325 1.2867125 0.0
 40.254257 0.479 0.49858618 0.49858618 1.4448816 0.0
 40.284958 0.562 0.49854898 0.49854898 1.3339263 0.0
 40.31556 0.563 0.49851173 0.49851173 1.3327411 7.882259E-21
 40.346256 0.563 0.5321515 0.49847418 1.3327411 0.033677347
 40.376957 0.542 0.53327596 0.49843648 1.3583145 0.034839496
 40.407658 0.573 0.53446144 0.4983986 1.3210604 0.036062833
 40.43836 0.469 0.55219644 0.49836057 1.4602041 0.053835846
 40.468956 0.594 0.55407435 0.49832252 1.2974982 0.055751815
 40.499657 0.458 0.55606294 0.49828416 1.4776353 0.057778746
 40.530357 0.698 0.55816394 0.49824566 1.1969397 0.0599183
 40.561058 0.573 0.56038594 0.49820697 1.3210604 0.062178984
 40.59176 0.542 0.56273824 0.4981681 1.3583145 0.06457013
 40.622356 0.625 0.56522274 0.49812925 1.264911 0.06709349
 40.653057 0.5 0.56786686 0.49809006 1.4142135 0.06977677
 40.683758 0.719 0.57067513 0.49805075 1.1793306 0.0726244
 40.71446 0.594 0.5736613 0.49801123 1.2974982 0.07565006
 40.745056 0.552 0.5768298 0.4979717 1.3459548 0.07885811
 40.775757 0.448 0.58021814 0.4979319 1.4940357 0.08228627
 40.806458 0.5 0.58383495 0.4978919 1.4142135 0.08594307
 40.83716 0.594 0.5877011 0.49785176 1.2974982 0.089849316
 40.86786 0.594 0.5918397 0.49781144 1.2974982 0.094028234
 40.898457 0.573 0.5962618 0.49777108 1.3210604 0.098490715
 40.929157 0.521 0.60102546 0.49773046 1.385419 0.10329503
 40.959858 0.594 0.60614955 0.49768966 1.2974982 0.10845989
 40.99056 0.656 0.61167103 0.4976487 1.2346619 0.11402233
 41.02126 0.615 0.6176318 0.49760756 1.2751534 0.12002425
 41.051857 0.563 0.62405765 0.4975664 1.3327411 0.12649126
 41.082558 0.74 0.6310446 0.49752495 1.1624764 0.13351968
 41.11326 0.615 0.63863444 0.49748334 1.2751534 0.14115112
 41.14396 0.583 0.6468982 0.49744156 1.3096815 0.14945665
 41.17466 0.594 0.65591776 0.49739963 1.2974982 0.15851817
 41.205257 0.646 0.6657542 0.49735764 1.2441815 0.16839653
 41.23596 0.719 0.6765814 0.49731538 1.1793306 0.179266
 41.26666 0.583 0.688497 0.49727294 1.3096815 0.19122407
 41.29736 0.656 0.70165163 0.49723035 1.2346619 0.20442128
 41.327957 0.625 0.7161727 0.49718773 1.264911 0.21898495
 41.358658 0.604 0.732365 0.49714482 1.2867125 0.23522016
 41.38936 0.823 0.7504344 0.49710172 1.1023006 0.25333267
 41.42006 0.698 0.77068233 0.49705848 1.1969397 0.27362385
 41.450756 0.573 0.7934731 0.49701506 1.3210604 0.29645807
 41.481358 0.812 0.8191614 0.49697164 1.1097419 0.32218975
 41.51206 0.875 0.8484587 0.4969279 1.069045 0.3515308
 41.54276 0.885 0.8819616 0.496884 1.062988 0.3850776
 41.57346 0.781 0.92051506 0.49683994 1.1315519 0.42367515
 41.604156 0.781 0.9651879 0.4967957 1.1315519 0.4683922
 41.634758 0.885 1.0171634 0.49675146 1.062988 0.52041197
 41.66546 1.01 1.0785475 0.4967069 0.9950372 0.5818406
 41.69616 0.927 1.1515099 0.4966622 1.0386282 0.6548477
 41.726856 1.083 1.2391572 0.49661732 0.96091676 0.74253994
 41.757557 0.979 1.3457122 0.4965723 1.0106683 0.8491399
 41.78816 1.198 1.4765533 0.49652722 0.91363263 0.9800261
 41.81886 1.448 1.640812 0.49648184 0.8310281 1.1443301
 41.849556 1.354 1.8501756 0.49643633 0.85939074 1.3537394
 41.880257 1.854 2.1227443 0.4963906 0.7344211 1.6263536
 41.91086 2.448 2.485284 0.49634492 0.6391375 1.9889393
 41.94156 3.042 2.9863198 0.4962989 0.5733508 2.490021
 41.97226 4.0 3.7115662 0.49625272 0.5 3.2153134
 42.002956 5.552 4.8686013 0.49620637 0.4243999 4.372395
 42.033657 8.135 7.03825 0.49615985 0.3506075 6.5420904
 42.06426 11.905 11.603455 0.49611333 0.28982463 11.107341
 42.09496 20.167 20.794811 0.4960665 0.22267905 20.298746
 42.125656 32.428 35.701393 0.4960195 0.17560624 35.205376
 42.156357 50.189 51.002422 0.49597234 0.14115483 50.50645
 42.187057 59.058 52.46476 0.495925 0.13012497 51.968838
 42.21766 43.111 43.190815 0.49587768 0.15230212 42.694935
 42.24836 34.862 37.325783 0.49583003 0.16936508 36.829952
 42.279057 35.261 33.89316 0.49578223 0.16840412 33.39738
 42.309757 28.105 25.605988 0.49573424 0.18862888 25.110252
 42.340458 16.79 16.120007 0.49568608 0.24404766 15.624321
 42.37106 9.614 9.591452 0.49563795 0.32251352 9.095814
 42.401756 6.489 6.0044017 0.4955895 0.3925646 5.508812
 42.432457 4.604 4.211184 0.49554086 0.46604982 3.7156434
 42.463158 3.458 3.2491636 0.49549207 0.53775877 2.7536716
 42.49376 2.573 2.6515725 0.49544325 0.6234191 2.1561291
 42.524456 2.531 2.2356422 0.49539414 0.6285704 1.7402481
 42.555157 1.844 1.9310293 0.49534485 0.7364098 1.4356844
 42.585857 1.396 1.7005383 0.4952954 0.8463642 1.2052429
 42.616558 1.489 1.5217732 0.4952458 0.81950694 1.0265274
 42.64716 1.135 1.3806719 0.4951962 0.9386465 0.88547564
 42.677856 1.271 1.2666057 0.49514627 0.88700736 0.77145946
 42.708557 1.062 1.1733454 0.49509618 0.9703708 0.67824924
 42.739258 1.125 1.0960976 0.4950459 0.94280905 0.6010517
 42.76996 0.958 1.0313784 0.49499547 1.0216855 0.5363829
 42.800556 1.031 0.9767703 0.49494505 0.9848513 0.48182523
 42.831257 0.979 0.9299732 0.4948943 1.0106683 0.43507886
 42.861958 0.854 0.88968754 0.4948434 1.0821091 0.39484417
 42.89266 0.646 0.85475403 0.4947923 1.2441815 0.3599617
 42.92336 0.844 0.82426083 0.49474108 1.0885009 0.32951975
 42.953957 0.719 0.79830116 0.49468985 1.1793306 0.3036113
 42.984657 0.688 0.774671 0.49463826 1.205607 0.28003272
 43.015358 0.813 0.7537039 0.49458656 1.1090592 0.25911734
 43.04606 0.656 0.7353713 0.49453464 1.2346619 0.24083662
 43.076656 0.656 0.7187016 0.49448276 1.2346619 0.22421886
 43.107357 0.719 0.70366895 0.49443054 1.1793306 0.20923842
 43.138058 0.615 0.69010943 0.49437818 1.2751534 0.1957313
 43.16876 0.698 0.67783695 0.4943256 1.1969397 0.18351133
 43.19946 0.521 0.6666939 0.49427292 1.385419 0.17242102
 43.230057 0.781 0.65657794 0.49422023 1.1315519 0.16235772
 43.260757 0.687 0.6473086 0.49416718 1.2064842 0.15314141
 43.29146 0.583 0.6388221 0.49411398 1.3096815 0.14470807
 43.32216 0.635 0.6310334 0.49406064 1.2549117 0.13697278
 43.35286 0.729 0.62386906 0.4940071 1.171214 0.12986195
 43.383457 0.531 0.6172857 0.4939536 1.3723116 0.12333212
 43.414158 0.583 0.61118466 0.49389973 1.3096815 0.11728491
 43.44486 0.51 0.6055394 0.49384573 1.4002801 0.11169365
 43.47556 0.604 0.600307 0.49379155 1.2867125 0.10651541
 43.506256 0.594 0.59544957 0.49373722 1.2974982 0.10171238
 43.536858 0.688 0.5909481 0.4936829 1.205607 0.09726523
 43.56756 0.698 0.58674365 0.49362823 1.1969397 0.09311544
 43.59826 0.656 0.5828253 0.4935734 1.2346619 0.089251935
 43.62896 0.646 0.5791699 0.4935184 1.2441815 0.08565152
 43.659557 0.656 0.5757676 0.49346343 1.2346619 0.08230415
 43.690258 0.677 0.5725778 0.4934081 1.2153621 0.07916969
 43.72096 0.552 0.5695959 0.49335262 1.3459548 0.07624322
 43.75166 0.604 0.5668073 0.49329698 1.2867125 0.07351033
 43.782356 0.646 0.56419945 0.4932412 1.2441815 0.07095829
 43.812958 0.656 0.5617688 0.4931854 1.2346619 0.06858337
 43.84366 0.562 0.55948955 0.49312925 1.3339263 0.06636028
 43.87436 0.771 0.55736154 0.49307296 1.1388664 0.06428859
 43.905056 0.698 0.55537754 0.4930165 1.1969397 0.06236105
 43.935757 0.469 0.5535316 0.4929599 1.4602041 0.060571678
 43.96636 0.719 0.55182415 0.4929033 1.1793306 0.058920857
 43.99706 0.812 0.5502406 0.49284634 1.1097419 0.05739424
 44.02776 0.625 0.51637036 0.49278924 1.264911 0.023581127
 44.058456 0.656 0.5160845 0.49273196 1.2346619 0.023352534
 44.089157 0.677 0.515876 0.4926745 1.2153621 0.02320151
 44.11976 0.594 0.51575065 0.4926171 1.2974982 0.023133518
 44.15046 0.667 0.4997551 0.49255934 1.2244388 0.007195765
 44.181156 0.646 0.5003287 0.4925014 1.2441815 0.007827327
 44.211857 0.573 0.5009893 0.49244332 1.3210604 0.008546001
 44.24246 0.51 0.501751 0.49238527 1.4002801 0.0093657365
 44.27316 0.594 0.5026398 0.49232683 1.2974982 0.010312905
 44.30386 0.615 0.50367993 0.49226826 1.2751534 0.011411698
 44.334557 0.562 0.5049059 0.49220952 1.3339263 0.012696344
 44.365257 0.562 0.5063619 0.4921506 1.3339263 0.014211307
 44.39586 0.531 0.5081005 0.49209175 1.3723116 0.016008765
 44.42656 0.521 0.5102112 0.4920325 1.385419 0.018178703
 44.457256 0.635 0.5127958 0.4919731 1.2549117 0.02082269
 44.487957 0.573 0.5160031 0.49191356 1.3210604 0.02408955
 44.518658 0.521 0.52004504 0.49185383 1.385419 0.02819124
 44.54926 0.521 0.5252124 0.49179414 1.385419 0.033418294
 44.579956 0.573 0.5320048 0.4917341 1.3210604 0.040270694
 44.610657 0.625 0.5411416 0.4916739 1.264911 0.04946773
 44.641357 0.667 0.5538771 0.4916135 1.2244388 0.06226363
 44.67206 0.792 0.5727665 0.49155298 1.1236664 0.081213504
 44.70266 0.687 0.6040777 0.49149248 1.2064842 0.11258523
 44.733356 0.75 0.66423213 0.4914316 1.1547005 0.17280056
 44.764057 0.865 0.7854489 0.4913706 1.0752066 0.29407835
 44.794758 1.083 1.0063885 0.4913094 0.96091676 0.5150792
 44.82536 1.344 1.3230169 0.49124825 0.86258197 0.83176863
 44.856056 1.573 1.5804746 0.49118674 0.7973255 1.0892879
 44.886757 1.448 1.5308576 0.49112505 0.8310281 1.0397325
 44.917458 1.125 1.3387525 0.4910632 0.94280905 0.8476893
 44.94816 1.208 1.23882 0.4910012 0.90984315 0.74781877
 44.978756 1.25 1.1814374 0.49093923 0.8944272 0.6904981
 45.009457 0.979 1.0248804 0.4908769 1.0106683 0.5340035
 45.040157 0.885 0.83580124 0.49081442 1.062988 0.34498686
 45.070858 0.698 0.69885045 0.49075174 1.1969397 0.20809872
 45.10156 0.719 0.6195468 0.49068892 1.1793306 0.12885784
 45.132156 0.677 0.577939 0.49062616 1.2153621 0.087312795
 45.162857 0.469 0.55511403 0.490563 1.4602041 0.064551
 45.193558 0.562 0.5409822 0.4904997 1.3339263 0.050482515
 45.22426 0.604 0.5312268 0.49043623 1.2867125 0.04079057
 45.25496 0.365 0.52406996 0.4903726 1.6552118 0.033697378
 45.285557 0.49 0.51864797 0.490309 1.4285715 0.028338961
 45.316257 0.583 0.51440716 0.49024504 1.3096815 0.024162117
 45.34696 0.406 0.5110327 0.4901809 1.569412 0.0208518
 45.37766 0.469 0.50829923 0.49011663 1.4602041 0.018182624
 45.408257 0.469 0.5060571 0.49005237 1.4602041 0.016004706
 45.438957 0.469 0.50418055 0.48998776 1.4602041 0.014192795
 45.469658 0.542 0.5025967 0.489923 1.3583145 0.012673684
 45.50036 0.438 0.5012453 0.48985806 1.5109947 0.01138724
 45.53106 0.521 0.500081 0.48979294 1.385419 0.010288063
 45.561657 0.531 0.4990721 0.48972788 1.3723116 0.009344219
 45.592358 0.417 0.498185 0.48966247 1.5485741 0.00852255
 45.62306 0.448 0.49740195 0.48959687 1.4940357 0.0078050676
 45.65376 0.531 0.49670595 0.48953113 1.3723116 0.0071748174
 45.68446 0.427 0.49608338 0.4894652 1.5303334 0.006618168
 45.715057 0.563 0.4955249 0.48939934 1.3327411 0.006125577
 45.745758 0.552 0.4950179 0.4893331 1.3459548 0.005684791
 45.77646 0.427 0.49455673 0.48926666 1.5303334 0.005290044
 45.80716 0.531 0.49413523 0.48920012 1.3723116 0.0049351254
 45.837856 0.427 0.49374822 0.48913336 1.5303334 0.0046148403
 45.868458 0.531 0.4933924 0.4890667 1.3723116 0.0043257154
 45.89916 0.417 0.4930618 0.48899963 1.5485741 0.0040621674
 45.92986 0.604 0.49275443 0.4889324 1.2867125 0.0038220347
 45.960556 0.531 0.49246764 0.48886502 1.3723116 0.0036026184
 45.991158 0.5 0.49219993 0.4887977 1.4142135 0.0034022257
 46.02186 0.521 0.49194753 0.48872998 1.385419 0.0032175481
 46.05256 0.5 0.49170962 0.4886621 1.4142135 0.003047531
 46.08326 0.417 0.49148473 0.48859406 1.5485741 0.0028906602
 46.113956 0.448 0.49127147 0.48852587 1.4940357 0.002745613
 46.144558 0.365 0.49106938 0.4884577 1.6552118 0.0026116504
 46.17526 0.448 0.49087608 0.4883892 1.4940357 0.0024868778
 46.20596 0.5 0.49069133 0.4883205 1.4142135 0.0023708479
 46.236656 0.417 0.4905144 0.48825166 1.5485741 0.0022627614
 46.267357 0.698 0.49034452 0.48818263 1.1969397 0.002161909
 46.29796 0.583 0.49018162 0.48811367 1.3096815 0.0020679552
 46.32866 0.479 0.49002406 0.48804432 1.4448816 0.0019797233
 46.359356 0.552 0.48987183 0.48797482 1.3459548 0.001897025
 46.390057 0.427 0.48972455 0.48790514 1.5303334 0.0018194068
 46.420757 0.5 0.48958176 0.48783532 1.4142135 0.0017464604
 46.45136 0.427 0.48944357 0.48776555 1.5303334 0.0016780352
 46.48206 0.583 0.48930874 0.4876954 1.3096815 0.0016133523
 46.512756 0.531 0.4891774 0.48762506 1.3723116 0.0015523413
 46.543457 0.594 0.48904932 0.48755458 1.2974982 0.0014947291
 46.57406 0.5 0.4889246 0.48748416 1.4142135 0.0014404404
 46.60476 0.635 0.48880225 0.48741335 1.2549117 0.0013888951
 46.635456 0.542 0.48868245 0.48734236 1.3583145 0.0013400696
 46.666157 0.542 0.488565 0.48727122 1.3583145 0.0012937756
 46.696857 0.615 0.48844978 0.48719993 1.2751534 0.0012498413
 46.72746 0.427 0.48833695 0.4871287 1.5303334 0.0012082411
 46.75816 0.552 0.48822564 0.48705706 1.3459548 0.001168559
 46.788857 0.49 0.4881161 0.48698527 1.4285715 0.0011308012
 46.819557 0.521 0.48730874 0.48691332 1.385419 3.953996E-4
 46.850258 0.448 0.48722374 0.4868412 1.4940357 3.8254252E-4
 46.88086 0.469 0.4871395 0.48676917 1.4602041 3.7034118E-4
 46.911556 0.479 0.4870554 0.48669672 1.4448816 3.5867712E-4
 46.942257 0.552 0.48662412 0.48662412 1.3459548 0.0
 46.972958 0.5 0.48655134 0.48655134 1.4142135 7.4792863E-28
 47.00366 0.51 0.5100925 0.48647842 1.4002801 0.023614075
 47.034256 0.5 0.51072735 0.48640555 1.4142135 0.024321804
 47.064957 0.688 0.5113966 0.4863323 1.205607 0.025064293
 47.095657 0.427 0.51210016 0.48625886 1.5303334 0.025841294
 47.126358 0.542 0.5245485 0.48618528 1.3583145 0.03836318
 47.15696 0.5 0.52567446 0.4861118 1.4142135 0.039562657
 47.187656 0.417 0.52686137 0.48603788 1.5485741 0.040823508
 47.218357 0.531 0.52810943 0.4859638 1.3723116 0.04214564
 47.249058 0.542 0.52942264 0.48588955 1.3583145 0.043533087
 47.27976 0.563 0.5308054 0.48581517 1.3327411 0.044990234
 47.310356 0.5 0.53225756 0.48574084 1.4142135 0.0465167
 47.341057 0.521 0.53379375 0.48566613 1.385419 0.04812763
 47.371758 0.49 0.535415 0.48559123 1.4285715 0.049823754
 47.40246 0.594 0.5371274 0.48551616 1.2974982 0.051611207
 47.43316 0.552 0.5389376 0.48544097 1.3459548 0.05349666
 47.463757 0.656 0.5408466 0.4853658 1.2346619 0.055480756
 47.494457 0.552 0.5428747 0.4852903 1.3459548 0.057584427
 47.525158 0.635 0.5450247 0.48521456 1.2549117 0.05981014
 47.55586 0.656 0.54730624 0.4851387 1.2346619 0.062167518
 47.58656 0.594 0.5497298 0.4850627 1.2974982 0.06466717
 47.617157 0.594 0.5522986 0.48498672 1.2974982 0.06731188
 47.647858 0.552 0.5550422 0.48491037 1.3459548 0.07013181
 47.67856 0.385 0.5579667 0.48483384 1.6116459 0.07313287
 47.70926 0.667 0.5610881 0.48475716 1.2244388 0.07633094
 47.739857 0.615 0.5644127 0.48468056 1.2751534 0.07973215
 47.770557 0.583 0.5679819 0.48460355 1.3096815 0.08337835
 47.801258 0.521 0.57180715 0.4845264 1.385419 0.08728074
 47.83196 0.583 0.57591295 0.48444906 1.3096815 0.09146392
 47.86266 0.625 0.5803271 0.48437154 1.264911 0.09595552
 47.893257 0.708 0.5850645 0.48429415 1.1884568 0.10077032
 47.923958 0.542 0.5901911 0.48421633 1.3583145 0.1059748
 47.95466 0.573 0.5957319 0.48413834 1.3210604 0.11159361
 47.98536 0.521 0.60173213 0.48406017 1.385419 0.11767197
 48.016056 0.531 0.6082433 0.48398185 1.3723116 0.12426144
 48.046658 0.615 0.61530036 0.48390365 1.2751534 0.13139671
 48.07736 0.667 0.6230171 0.483825 1.2244388 0.13919204
 48.10806 0.74 0.6314494 0.4837462 1.1624764 0.14770323
 48.13876 0.729 0.640688 0.48366722 1.171214 0.15702078
 48.169456 0.573 0.65083814 0.4835881 1.3210604 0.16725
 48.200058 0.667 0.66198456 0.48350906 1.2244388 0.1784755
 48.23076 0.802 0.6743444 0.4834296 1.116639 0.19091482
 48.26146 0.667 0.6880538 0.48334998 1.2244388 0.20470378
 48.292156 0.781 0.7033154 0.4832702 1.1315519 0.2200452
 48.322758 0.656 0.720313 0.4831905 1.2346619 0.23712252
 48.35346 0.781 0.7394487 0.4831104 1.1315519 0.2563383
 48.38416 0.667 0.7610233 0.48303014 1.2244388 0.27799317
 48.414856 0.687 0.7854685 0.4829497 1.2064842 0.3025188
 48.445557 0.792 0.813316 0.48286912 1.1236664 0.33044687
 48.47616 0.771 0.8451151 0.4827886 1.1388664 0.3623265
 48.50686 0.75 0.88190067 0.48270768 1.1547005 0.399193
 48.53756 0.896 0.92462754 0.4826266 1.0564429 0.44200096
 48.568256 1.0 0.97464645 0.48254535 1.0 0.4921011
 48.598957 0.937 1.0337149 0.48246393 1.033071 0.55125093
 48.62956 1.052 1.1039023 0.48238263 0.97497195 0.6215197
 48.66026 1.052 1.1887714 0.48230088 0.97497195 0.7064705
 48.690956 1.344 1.2923634 0.48221898 0.86258197 0.8101444
 48.721657 1.208 1.4206069 0.4821369 0.90984315 0.9384699
 48.752357 1.25 1.5819635 0.48205468 0.8944272 1.0999088
 48.78296 1.635 1.7880752 0.48197255 0.7820619 1.3061028
 48.81366 2.156 2.059072 0.48189 0.6810447 1.577182
 48.844357 2.729 2.4247763 0.4818073 0.6053384 1.942969
 48.875057 3.521 2.940869 0.4817244 0.5329261 2.4591446
 48.90566 4.104 3.7251742 0.48164162 0.49362406 3.2435327
 48.93636 6.093 5.065469 0.4815584 0.40512067 4.58391
 48.967056 8.843 7.547419 0.48147506 0.33627933 7.065944
 48.997757 13.655 12.069973 0.48139152 0.2706164 11.588581
 49.028458 20.209 19.365602 0.4813078 0.22244753 18.884295
 49.05906 28.386 28.459673 0.48122424 0.18769293 27.978447
 49.089756 34.143 33.949417 0.4811402 0.17113906 33.468277
 49.120457 29.331 30.973074 0.481056 0.18464458 30.492018
 49.151157 25.425 25.50623 0.48097166 0.19832137 25.025257
 49.181858 23.154 22.857737 0.48088714 0.20781983 22.37685
 49.21246 22.334 21.759947 0.48080274 0.21160053 21.279144
 49.243156 18.126 18.154995 0.48071793 0.23488161 17.674276
 49.273857 12.865 12.790207 0.48063293 0.2788015 12.309574
 49.304558 7.979 8.381955 0.48054776 0.35401833 7.9014077
 49.33526 6.218 5.54193 0.48046243 0.40102795 5.061468
 49.365856 4.01 3.9111733 0.4803772 0.49937618 3.4307961
 49.396557 3.375 2.98474 0.48029155 0.5443311 2.5044484
 49.427258 2.438 2.4216845 0.48020574 0.64044696 1.9414788
 49.45796 2.031 2.0435445 0.48011976 0.7016896 1.5634247
 49.48856 1.823 1.7707578 0.4800339 0.74063915 1.2907239
 49.519257 1.385 1.5641762 0.4799476 0.8497186 1.0842285
 49.549957 1.292 1.4039941 0.4798611 0.8797692 0.92413294
 49.580658 1.188 1.2771612 0.47977448 0.9174698 0.7973867
 49.61136 0.927 1.174964 0.4796877 1.0386282 0.69527626
 49.641956 1.021 1.0916194 0.47960103 0.9896625 0.6120184
 49.672657 0.781 1.0223078 0.47951388 1.1315519 0.5427939
 49.703358 0.979 0.9642123 0.4794266 1.0106683 0.48478574
 49.73406 0.927 0.9150232 0.47933915 1.0386282 0.43568406
 49.76476 1.0 0.8729986 0.47925153 1.0 0.39374706
 49.795357 0.938 0.836914 0.47916406 1.0325203 0.35774997
 49.826057 0.823 0.8054999 0.47907612 1.1023006 0.3264238
 49.85676 0.812 0.77806765 0.47898802 1.1097419 0.29907963
 49.88746 0.823 0.7539688 0.47889975 1.1023006 0.275069
 49.91816 0.76 0.7326821 0.47881132 1.1470786 0.25387082
 49.948757 0.677 0.7138433 0.47872302 1.2153621 0.23512025
 49.979458 0.698 0.6969841 0.47863427 1.1969397 0.21834984
 50.01016 0.74 0.6818847 0.47854537 1.1624764 0.20333932
 50.04086 0.615 0.6683081 0.4784563 1.2751534 0.1898518
 50.071457 0.677 0.6562304 0.47836733 1.2153621 0.17786308
 50.102158 0.688 0.6451371 0.47827792 1.205607 0.16685912
 50.13286 0.625 0.63506144 0.47818834 1.264911 0.1568731
 50.16356 0.698 0.6258837 0.47809863 1.1969397 0.14778507
 50.19426 0.677 0.61756814 0.47800872 1.2153621 0.13955942
 50.224857 0.635 0.60991865 0.47791895 1.2549117 0.13199972
 50.255558 0.615 0.60287476 0.47782874 1.2751534 0.12504601
 50.28626 0.563 0.59639674 0.47773835 1.3327411 0.1186584
 50.31696 0.594 0.59042764 0.4776478 1.2974982 0.112779826
 50.347656 0.594 0.58491766 0.4775571 1.2974982 0.1073606
 50.378258 0.479 0.5798395 0.47746652 1.4448816 0.102373
 50.40896 0.583 0.57512206 0.47737548 1.3096815 0.09774656
 50.43966 0.479 0.5707492 0.47728428 1.4448816 0.093464956
 50.470356 0.625 0.56669194 0.4771929 1.264911 0.08949903
 50.501057 0.615 0.56292456 0.4771014 1.2751534 0.085823186
 50.53166 0.542 0.5594357 0.47701 1.3583145 0.08242574
 50.56236 0.521 0.55618316 0.47691816 1.385419 0.07926501
 50.59306 0.542 0.5531617 0.47682613 1.3583145 0.07633557
 50.623756 0.646 0.55035675 0.47673395 1.2441815 0.073622815
 50.654358 0.563 0.5477642 0.47664192 1.3327411 0.071122244
 50.68506 0.625 0.5453567 0.47654942 1.264911 0.06880728
 50.71576 0.49 0.543135 0.47645673 1.4285715 0.06667824
 50.746456 0.583 0.54109293 0.4763639 1.3096815 0.06472903
 50.777157 0.5 0.53922665 0.4762709 1.4142135 0.062955715
 50.80776 0.625 0.5375397 0.47617805 1.264911 0.061361644
 50.83846 0.625 0.5360222 0.47608474 1.264911 0.059937432
 50.86916 0.542 0.5346839 0.47599125 1.3583145 0.058692608
 50.899857 0.542 0.53353244 0.4758976 1.3583145 0.05763484
 50.930557 0.646 0.5325801 0.4758038 1.2441815 0.056776255
 50.96116 0.448 0.5318465 0.47571012 1.4940357 0.056136362
 50.99186 0.469 0.5313521 0.475616 1.4602041 0.055736087
 51.022556 0.531 0.5311346 0.4755217 1.3723116 0.055612933
 51.053257 0.646 0.5312427 0.47542724 1.2441815 0.0558155
 51.083958 0.531 0.531744 0.47533262 1.3723116 0.056411408
 51.11456 0.552 0.5327293 0.47523814 1.3459548 0.057491217
 51.145256 0.521 0.5343402 0.4751432 1.385419 0.05919701
 51.175957 0.51 0.53677106 0.47504807 1.4002801 0.06172298
 51.206657 0.552 0.5174119 0.4749528 1.3459548 0.0424591
 51.23726 0.51 0.5231622 0.47485766 1.4002801 0.048304524
 51.26796 0.583 0.5312782 0.47476205 1.3096815 0.05651616
 51.298656 0.656 0.5433586 0.4746663 1.2346619 0.06869235
 51.329357 0.573 0.5514747 0.47457036 1.3210604 0.07690435
 51.360058 0.677 0.58654433 0.47447428 1.2153621 0.11207008
 51.39066 0.677 0.6491496 0.47437832 1.2153621 0.17477128
 51.421356 0.875 0.75398403 0.4742819 1.069045 0.27970216
 51.452057 1.042 0.90278965 0.47418532 0.9796392 0.4286043
 51.482758 1.135 1.0471812 0.47408858 0.9386465 0.57309264
 51.51346 1.312 1.0737698 0.47399166 0.8730379 0.5997781
 51.544056 1.063 0.9848174 0.47389492 0.9699143 0.51092243
 51.574757 0.979 0.90283287 0.47379768 1.0106683 0.4290352
 51.605457 0.802 0.8738407 0.47370028 1.116639 0.40014043
 51.636158 0.75 0.8520661 0.4736027 1.1547005 0.37846336
 51.66686 0.646 0.78019094 0.473505 1.2441815 0.30668595
 51.697456 0.844 0.6881724 0.47340742 1.0885009 0.21476495
 51.728157 0.563 0.6151583 0.47330937 1.3327411 0.14184897
 51.758858 0.688 0.5679306 0.47321117 1.205607 0.09471944
 51.78956 0.698 0.540147 0.4731128 1.1969397 0.06703422
 51.820156 0.562 0.52410775 0.47301456 1.3339263 0.05109317
 51.850857 0.469 0.51427746 0.47291586 1.4602041 0.041361608
 51.881557 0.542 0.50782794 0.472817 1.3583145 0.035010934
 51.91226 0.427 0.50342196 0.47271797 1.5303334 0.030704005
 51.94296 0.594 0.5004418 0.4726188 1.2974982 0.027823005
 51.973557 0.51 0.4985921 0.47251976 1.4002801 0.026072359
 52.004257 0.531 0.4977375 0.47242025 1.3723116 0.025317278
 52.034958 0.583 0.49790865 0.47232056 1.3096815 0.025588105
 52.06566 0.396 0.49932936 0.47222072 1.5891043 0.02710866
 52.09636 0.469 0.50262815 0.4721207 1.4602041 0.03050743
 52.126957 0.573 0.5092579 0.47202086 1.3210604 0.037237085
 52.157658 0.615 0.5221397 0.47192052 1.2751534 0.05021919
 52.18836 0.552 0.54542315 0.47182003 1.3459548 0.07360313
 52.21906 0.552 0.58246493 0.47171935 1.3459548 0.11074557
 52.24976 0.552 0.6293561 0.47161853 1.3459548 0.15773754
 52.280357 0.792 0.6615816 0.4715179 1.1236664 0.19006371
 52.311058 0.74 0.6513594 0.47141674 1.1624764 0.17994262
 52.34176 0.771 0.6208223 0.4713154 1.1388664 0.1495069
 52.37246 0.562 0.6015605 0.47121394 1.3339263 0.13034652
 52.403057 0.542 0.5959479 0.47111264 1.3583145 0.12483526
 52.433758 0.583 0.5849969 0.47101083 1.3096815 0.11398602
 52.46446 0.583 0.55919915 0.47090888 1.3096815 0.088290274
 52.49516 0.573 0.5320116 0.47080675 1.3210604 0.061204884
 52.525856 0.562 0.5119278 0.47070447 1.3339263 0.041223347
 52.556458 0.396 0.49918014 0.47060233 1.5891043 0.028577795
 52.58716 0.385 0.49151278 0.47049972 1.6116459 0.021013066
 52.61786 0.427 0.48683318 0.47039694 1.5303334 0.016436232
 52.64856 0.396 0.4837439 0.470294 1.5891043 0.013449899
 52.679256 0.562 0.48152235 0.47019088 1.3339263 0.011331454
 52.709858 0.469 0.47983032 0.47008795 1.4602041 0.009742383
 52.74056 0.479 0.47848305 0.46998453 1.4448816 0.008498527
 52.77126 0.448 0.47738522 0.46988094 1.4940357 0.0075042956
 52.801956 0.406 0.47647125 0.46977717 1.569412 0.0066940845
 52.832657 0.573 0.47569627 0.46967325 1.3210604 0.0060230326
 52.86326 0.385 0.47503063 0.4695695 1.6116459 0.0054611173
 52.89396 0.406 0.47444698 0.46946526 1.569412 0.004981742
 52.92466 0.51 0.47393072 0.46936083 1.4002801 0.004569881
 52.955357 0.406 0.47346896 0.46925625 1.569412 0.004212702
 52.98596 0.594 0.48366886 0.46915188 1.2974982 0.014516986
 53.01666 0.562 0.48356992 0.46904698 1.3339263 0.014522958
 53.04736 0.521 0.48351333 0.4689419 1.385419 0.014571414
 53.078056 0.531 0.48349482 0.46883667 1.3723116 0.0146581475
 53.108757 0.479 0.4835112 0.46873128 1.4448816 0.014779922
 53.13936 0.583 0.4888723 0.46862608 1.3096815 0.02024622
 53.17006 0.469 0.4890925 0.46852037 1.4602041 0.020572148
 53.200756 0.531 0.4893476 0.4684145 1.3723116 0.020933114
 53.231457 0.417 0.48963693 0.46830845 1.5485741 0.02132848
 53.262157 0.479 0.48996022 0.46820223 1.4448816 0.021757983
 53.29276 0.531 0.49031633 0.46809623 1.3723116 0.02222011
 53.32346 0.5 0.49070793 0.46798968 1.4142135 0.022718238
 53.354156 0.573 0.49113452 0.467883 1.3210604 0.023251524
 53.384857 0.583 0.49159697 0.46777612 1.3096815 0.02382084
 53.415558 0.5 0.4920964 0.4676691 1.4142135 0.024427295
 53.44616 0.594 0.49263236 0.4675623 1.2974982 0.02507007
 53.476856 0.604 0.49320987 0.46745494 1.2867125 0.02575494
 53.507557 0.438 0.4938291 0.4673474 1.5109947 0.026481694
 53.538258 0.583 0.49449214 0.46723974 1.3096815 0.027252402
 53.56886 0.562 0.4951989 0.46713227 1.3339263 0.028066652
 53.599556 0.573 0.49595663 0.46702427 1.3210604 0.028932365
 53.630257 0.5 0.49676594 0.4669161 1.4142135 0.029849855
 53.660957 0.5 0.49763012 0.46680778 1.4142135 0.030822339
 53.691658 0.521 0.49855265 0.46669927 1.385419 0.031853374
 53.72226 0.479 0.49910986 0.466591 1.4448816 0.032518875
 53.752956 0.531 0.5001727 0.46648216 1.3723116 0.033690482
 53.783657 0.469 0.5013065 0.4663732 1.4602041 0.03493327
 53.814358 0.49 0.5025166 0.46626404 1.4285715 0.036252562
 53.84506 0.448 0.5035943 0.46615475 1.4940357 0.03743953
 53.875656 0.427 0.50497663 0.46604565 1.5303334 0.03893098
 53.906357 0.448 0.50645906 0.465936 1.4940357 0.04052307
 53.937057 0.583 0.5080453 0.4658262 1.3096815 0.042219102
 53.96776 0.5 0.5097443 0.46571624 1.4142135 0.044028003
 53.99846 0.542 0.51156586 0.46560612 1.3583145 0.045959715
 54.029057 0.583 0.5135146 0.4654962 1.3096815 0.048018366
 54.059757 0.531 0.5156155 0.46538576 1.3723116 0.050229773
 54.090458 0.365 0.51787645 0.46527517 1.6552118 0.052601315
 54.12116 0.51 0.52031296 0.4651644 1.4002801 0.055148598
 54.151756 0.479 0.5229337 0.46505383 1.4448816 0.05787992
 54.182457 0.438 0.5257757 0.46494272 1.5109947 0.06083294
 54.213158 0.438 0.528853 0.46483144 1.5109947 0.06402153
 54.24386 0.438 0.5321912 0.46472004 1.5109947 0.06747122
 54.27456 0.594 0.5358196 0.46460843 1.2974982 0.071211144
 54.305157 0.531 0.5397579 0.46449706 1.3723116 0.07526083
 54.335857 0.677 0.54407007 0.46438515 1.2153621 0.0796849
 54.366558 0.667 0.54878783 0.46427307 1.2244388 0.08451477
 54.39726 0.583 0.5539623 0.46416083 1.3096815 0.08980149
 54.42796 0.552 0.55965286 0.46404842 1.3459548 0.09560447
 54.458557 0.479 0.5659074 0.4639362 1.4448816 0.10197121
 54.489258 0.552 0.5728481 0.4638235 1.3459548 0.10902456
 54.51996 0.573 0.580418 0.4637106 1.3210604 0.1167074
 54.55066 0.563 0.58900183 0.46359754 1.3327411 0.12540428
 54.581356 0.573 0.5985987 0.46348432 1.3210604 0.13511439
 54.611958 0.563 0.60933536 0.4633713 1.3327411 0.14596406
 54.64266 0.51 0.62147987 0.46325776 1.4002801 0.15822212
 54.67336 0.656 0.6351754 0.46314406 1.2346619 0.17203137
 54.70406 0.625 0.65085334 0.4630302 1.264911 0.18782315
 54.734657 0.625 0.66875297 0.46291652 1.264911 0.20583646
 54.765358 0.76 0.68945354 0.46280232 1.1470786 0.22665124
 54.79606 0.615 0.7134875 0.46268797 1.2751534 0.2507995
 54.82676 0.635 0.7416073 0.46257344 1.2549117 0.27903387
 54.857456 0.771 0.7747903 0.46245876 1.1388664 0.31233156
 54.888058 0.729 0.81418306 0.4623443 1.171214 0.35183877
 54.91876 0.875 0.8617603 0.46222928 1.069045 0.39953104
 54.94946 0.823 0.9197486 0.4621141 1.1023006 0.4576345
 54.980156 1.114 0.99140435 0.46199876 0.9474524 0.5294056
 55.010857 1.177 1.0813572 0.46188325 0.9217471 0.61947405
 55.04146 1.26 1.1959708 0.46176797 0.8908708 0.7342028
 55.07216 1.49 1.3464377 0.46165213 0.8192319 0.88478553
 55.10286 1.74 1.5501482 0.46153614 0.75809807 1.0886122
 55.133556 2.239 1.841035 0.46142 0.6683023 1.379615
 55.164257 2.573 2.2890434 0.46130368 0.6234191 1.8277398
 55.19486 3.916 3.0281649 0.46118757 0.50533414 2.5669773
 55.22556 5.052 4.28762 0.46107092 0.44490606 3.8265493
 55.256256 6.927 6.3375015 0.46095413 0.37995085 5.8765473
 55.286957 9.927 9.316942 0.46083716 0.31738836 8.856105
 55.31756 13.355 12.695495 0.4607204 0.27363902 12.234775
 55.34826 15.218 14.55472 0.4606031 0.25634286 14.094117
 55.37896 13.551 13.454584 0.46048564 0.27165288 12.994099
 55.409657 10.405 11.279178 0.460368 0.3100123 10.8188095
 55.440357 9.636 9.965002 0.46025023 0.32214516 9.504752
 55.47096 10.073 9.623251 0.46013266 0.3150798 9.163118
 55.50166 9.374 9.036815 0.46001455 0.32661605 8.576799
 55.532356 7.489 7.3596063 0.45989627 0.36541644 6.89971
 55.563057 5.291 5.372459 0.45977783 0.43474153 4.912681
 55.593758 4.042 3.7977757 0.45965925 0.4973955 3.3381166
 55.62436 2.844 2.7439797 0.45954087 0.5929734 2.2844386
 55.655056 1.969 2.0860584 0.45942193 0.7126514 1.6266365
 55.685757 1.677 1.6824534 0.45930284 0.77220654 1.2231505
 55.716457 1.604 1.4236194 0.4591836 0.789583 0.9644358
 55.747158 1.042 1.2453076 0.4590642 0.9796392 0.7862434
 55.77776 1.073 1.1149424 0.45894498 0.96538407 0.6559974
 55.808456 0.979 1.0149528 0.45882523 1.0106683 0.5561276
 55.839157 0.896 0.9388301 0.45870534 1.0564429 0.48012474
 55.869858 0.656 0.8760413 0.45858526 1.2346619 0.41745603
 55.90046 0.875 0.8251122 0.45846543 1.069045 0.3666468
 55.931156 0.708 0.7829549 0.45834503 1.1884568 0.32460985
 55.961857 0.75 0.74776226 0.45822448 1.1547005 0.28953782
 55.992558 0.781 0.7192465 0.45810375 1.1315519 0.2611428
 56.02326 0.729 0.6939879 0.45798287 1.171214 0.23600507
 56.05386 0.583 0.6723647 0.45786223 1.3096815 0.21450247
 56.084557 0.354 0.65359205 0.457741 1.6807317 0.19585104
 56.115257 0.75 0.637241 0.45761964 1.1547005 0.17962135
 56.145958 0.594 0.62291163 0.4574981 1.2974982 0.16541351
 56.17666 0.573 0.6102839 0.4573764 1.3210604 0.15290749
 56.207256 0.594 0.59913355 0.45725492 1.2974982 0.14187863
 56.237957 0.552 0.5891774 0.4571329 1.3459548 0.13204454
 56.268658 0.479 0.5802808 0.45701072 1.4448816 0.12327009
 56.29936 0.583 0.5723001 0.45688835 1.3096815 0.11541174
 56.33006 0.583 0.5651157 0.45676583 1.3096815 0.10834983
 56.360657 0.583 0.5586472 0.45664355 1.3096815 0.102003634
 56.391357 0.562 0.5527679 0.45652074 1.3339263 0.096247174
 56.42206 0.51 0.5474281 0.4563977 1.4002801 0.09103037
 56.45276 0.51 0.5425665 0.45627454 1.4002801 0.08629191
 56.483356 0.542 0.53814435 0.45615163 1.3583145 0.08199273
 56.514057 0.417 0.53408784 0.45602813 1.5485741 0.07805972
 56.544758 0.5 0.5303731 0.45590448 1.4142135 0.07446862
 56.57546 0.531 0.5269664 0.45578066 1.3723116 0.07118573
 56.60616 0.667 0.52383846 0.45565668 1.2244388 0.068181776
 56.636757 0.552 0.5209728 0.4555329 1.3459548 0.06543984
 56.667458 0.51 0.5183285 0.4554086 1.4002801 0.062919885
 56.69816 0.625 0.515896 0.45528415 1.264911 0.06061187
 56.72886 0.438 0.5136584 0.45515952 1.5109947 0.058498874
 56.75956 0.562 0.51160085 0.4550347 1.3339263 0.056566134
 56.790157 0.531 0.5097164 0.45491016 1.3723116 0.05480626
 56.820858 0.625 0.5079816 0.45478502 1.264911 0.053196587
 56.85156 0.438 0.5063932 0.45465973 1.5109947 0.05173344
 56.88226 0.406 0.5049428 0.4545343 1.569412 0.0504085
 56.912956 0.437 0.50362337 0.45440868 1.5127226 0.049214672
 56.943558 0.562 0.5024326 0.4542833 1.3339263 0.048149295
 56.97426 0.521 0.5013579 0.45415735 1.385419 0.047200553
 57.00496 0.531 0.50039953 0.45403126 1.3723116 0.046368267
 57.035656 0.563 0.49955454 0.453905 1.3327411 0.045649566
 57.066257 0.479 0.49882331 0.45377898 1.4448816 0.045044325
 57.09696 0.531 0.49820003 0.45365238 1.3723116 0.04454765
 57.12766 0.604 0.49768734 0.45352563 1.2867125 0.04416172
 57.15836 0.531 0.49728626 0.4533987 1.3723116 0.043887567
 57.189056 0.667 0.49699897 0.45327163 1.2244388 0.04372733
 57.219658 0.5 0.49682903 0.4531448 1.4142135 0.043684237
 57.25036 0.708 0.49677995 0.45301738 1.1884568 0.04376257
 57.28106 0.531 0.49685848 0.4528898 1.3723116 0.04396868
 57.311756 0.479 0.49707234 0.45276207 1.4448816 0.04431026
 57.342457 0.417 0.4974312 0.4526342 1.5485741 0.044797014
 57.37306 0.51 0.49794534 0.45250654 1.4002801 0.045438815
 57.40376 0.479 0.49863368 0.4523783 1.4448816 0.04625538
 57.43446 0.542 0.49951452 0.4522499 1.3583145 0.047264606
 57.465157 0.51 0.50061214 0.45212138 1.4002801 0.04849075
 57.495857 0.521 0.50195426 0.45199266 1.385419 0.049961597
 57.52646 0.635 0.5035624 0.4518642 1.2549117 0.051698204
 57.55716 0.531 0.50546324 0.45173517 1.3723116 0.053728078
 57.587856 0.552 0.50766176 0.45160595 1.3459548 0.056055814
 57.618557 0.354 0.5102159 0.4514766 1.6807317 0.0587393
 57.64916 0.531 0.5132184 0.4513475 1.3723116 0.061870903
 57.67986 0.51 0.5167885 0.4512178 1.4002801 0.065570675
 57.710556 0.521 0.52101314 0.45108795 1.385419 0.069925226
 57.741257 0.51 0.51567906 0.45095792 1.4002801 0.06472114
 57.771957 0.656 0.5218522 0.45082775 1.2346619 0.07102446
 57.80256 0.385 0.52914524 0.4506978 1.6116459 0.078447424
 57.83326 0.604 0.53789765 0.4505673 1.2867125 0.08733033
 57.863956 0.646 0.5484658 0.45043665 1.2441815 0.09802915
 57.894657 0.646 0.55622554 0.45030582 1.2441815 0.10591972
 57.925358 0.604 0.5722749 0.4501748 1.2867125 0.122100115
 57.95596 0.667 0.59226704 0.45004407 1.2244388 0.14222296
 57.986656 0.594 0.6177763 0.44991276 1.2974982 0.16786355
 58.017357 0.677 0.6509731 0.44978127 1.2153621 0.20119183
 58.048058 0.792 0.6956304 0.44964963 1.1236664 0.24598072
 58.07876 0.875 0.7589095 0.44951782 1.069045 0.30939174
 58.109356 1.031 0.85481954 0.44938627 0.9848513 0.40543327
 58.140057 1.135 1.0112568 0.44925413 0.9386465 0.5620027
 58.170757 1.656 1.2718945 0.44912183 0.77708733 0.82277256
 58.201458 1.833 1.6900364 0.44898936 0.7386161 1.2410471
 58.23206 2.271 2.2961135 0.44885716 0.66357714 1.8472563
 58.262756 3.291 3.023535 0.44872436 0.55123407 2.5748105
 58.293457 3.604 3.5430567 0.4485914 0.5267537 3.0944653
 58.324158 3.406 3.4654696 0.44845828 0.54184824 3.0170114
 58.35486 3.052 3.0054922 0.448325 0.5724107 2.5571673
 58.385456 2.541 2.6279998 0.448192 0.6273323 2.179808
 58.416157 2.76 2.4853306 0.4480584 0.60192925 2.0372722
 58.446857 2.448 2.4411795 0.44792464 0.6391375 1.9932549
 58.47756 2.146 2.2252727 0.4477907 0.68262964 1.7774819
 58.50826 2.01 1.8195351 0.4476566 0.70534563 1.3718785
 58.538857 1.479 1.4189146 0.4475228 0.8222728 0.9713918
 58.569557 1.198 1.1160425 0.44738835 0.91363263 0.66865414
 58.600258 0.917 0.92192066 0.44725376 1.0442761 0.4746669
 58.63096 0.958 0.79524195 0.44711903 1.0216855 0.3481229
 58.66166 0.708 0.7158404 0.4469841 1.1884568 0.26885626
 58.692257 0.677 0.66381866 0.4468495 1.2153621 0.21696915
 58.722958 0.615 0.6271364 0.44671425 1.2751534 0.18042214
 58.75366 0.667 0.6036392 0.44657883 1.2244388 0.15706034
 58.78436 0.479 0.58268064 0.4464433 1.4448816 0.13623738
 58.814957 0.604 0.56616837 0.446308 1.2867125 0.11986034
 58.845657 0.51 0.55284125 0.44617212 1.4002801 0.10666915
 58.876358 0.646 0.5419719 0.44603604 1.2441815 0.095935844
 58.90706 0.354 0.5330016 0.44589984 1.6807317 0.08710174
 58.93776 0.542 0.52552384 0.44576347 1.3583145 0.07976041
 58.968357 0.562 0.519256 0.44562736 1.3339263 0.073628634
 58.999058 0.563 0.51392996 0.44549066 1.3327411 0.06843928
 59.02976 0.458 0.5093935 0.44535378 1.4776353 0.06403973
 59.06046 0.469 0.50551134 0.44521675 1.4602041 0.06029456
 59.091156 0.417 0.502177 0.44507957 1.5485741 0.05709745
 59.121758 0.562 0.49931487 0.44494265 1.3339263 0.054372236
 59.15246 0.396 0.49683884 0.44480512 1.5891043 0.052033715
 59.18316 0.521 0.49470437 0.44466743 1.385419 0.050036922
 59.21386 0.615 0.4928671 0.4445296 1.2751534 0.04833751
 59.244556 0.635 0.49129084 0.44439158 1.2549117 0.04689924
 59.275158 0.49 0.48994982 0.44425386 1.4285715 0.04569595
 59.30586 0.5 0.48881087 0.44411552 1.4142135 0.04469534
 59.33656 0.458 0.48785853 0.44397703 1.4776353 0.04388151
 59.367256 0.521 0.48707616 0.44383836 1.385419 0.043237813
 59.397858 0.458 0.4864519 0.4437 1.4776353 0.042751916
 59.42856 0.437 0.4859705 0.443561 1.5127226 0.042409502
 59.45926 0.406 0.4856252 0.44342184 1.569412 0.042203374
 59.48996 0.427 0.48540887 0.44328254 1.5303334 0.04212634
 59.520657 0.708 0.4853159 0.44314304 1.1884568 0.042172845
 59.551258 0.635 0.4853419 0.44300386 1.2549117 0.04233805
 59.58196 0.5 0.4854843 0.44286406 1.4142135 0.042620238
 59.61266 0.427 0.4857416 0.4427241 1.5303334 0.043017477
 59.643356 0.437 0.48611328 0.44258398 1.5127226 0.043529302
 59.674057 0.469 0.4866 0.44244367 1.4602041 0.04415635
 59.70466 0.51 0.4872014 0.44230366 1.4002801 0.04489771
 59.73536 0.49 0.48792404 0.44216305 1.4285715 0.045760974
 59.766056 0.479 0.48877004 0.44202226 1.4448816 0.046747763
 59.796757 0.552 0.48974437 0.44188133 1.3459548 0.047863044
 59.827457 0.427 0.4908532 0.4417402 1.5303334 0.049112972
 59.85806 0.542 0.4920996 0.4415994 1.3583145 0.050500207
 59.88876 0.5 0.49350056 0.44145796 1.4142135 0.052042592
 59.919456 0.427 0.49506253 0.44131637 1.5303334 0.053746156
 59.950157 0.479 0.49679753 0.4411746 1.4448816 0.055622924
 59.98076 0.542 0.4987129 0.44103315 1.3583145 0.05767977
 60.01146 0.375 0.5008372 0.44089106 1.6329932 0.05994617
 60.042156 0.552 0.5031829 0.4407488 1.3459548 0.062434074
 60.072857 0.458 0.5057716 0.4406064 1.4776353 0.06516519
 60.103558 0.635 0.50862783 0.4404638 1.2549117 0.06816401
 60.13416 0.5 0.5117693 0.44032153 1.4142135 0.07144776
 60.164856 0.573 0.51524943 0.44017863 1.3210604 0.075070776
 60.195557 0.531 0.51909655 0.44003558 1.3723116 0.07906098
 60.226257 0.521 0.5233554 0.43989235 1.385419 0.0834631
 60.256958 0.615 0.528078 0.43974894 1.2751534 0.0883291
 60.28756 0.448 0.53330743 0.43960586 1.4940357 0.09370156
 60.318256 0.656 0.5391495 0.43946213 1.2346619 0.09968738
 60.348957 0.5 0.54567343 0.43931827 1.4142135 0.10635515
 60.379658 0.49 0.55298066 0.4391742 1.4285715 0.113806434
 60.41036 0.646 0.5611929 0.43903 1.2441815 0.1221629
 60.440956 0.552 0.5704249 0.4388861 1.3459548 0.13153881
 60.471657 0.521 0.58091474 0.43874156 1.385419 0.14217316
 60.502357 0.49 0.59285206 0.43859687 1.4285715 0.1542552
 60.53306 0.552 0.6065061 0.438452 1.3459548 0.16805412
 60.56366 0.573 0.6221572 0.43830746 1.3210604 0.18384974
 60.594357 0.563 0.64131 0.43816227 1.3327411 0.20314771
 60.625057 0.573 0.6625118 0.43801692 1.3210604 0.22449492
 60.655758 0.667 0.6874122 0.4378714 1.2244388 0.24954078
 60.68646 0.687 0.71691024 0.43772572 1.2064842 0.2791845
 60.717056 0.76 0.75206965 0.43758038 1.1470786 0.3144893
 60.747757 0.625 0.7947144 0.43743438 1.264911 0.35728002
 60.778458 0.792 0.84508175 0.4372882 1.1236664 0.40779352
 60.80916 0.948 0.90999436 0.43714187 1.02706 0.47285253
 60.83986 1.052 0.9919732 0.4369954 0.97497195 0.55497783
 60.870457 1.042 1.0974352 0.4368492 0.9796392 0.66058606
 60.901157 1.344 1.2385273 0.43670237 0.86258197 0.8018249
 60.931858 1.24 1.4364681 0.43655542 0.8980265 0.99991274
 60.96256 1.927 1.7323238 0.43640825 0.72037584 1.2959156
 60.99326 2.167 2.2064843 0.43626094 0.67931396 1.7702234
 61.023857 3.104 2.9780185 0.43611395 0.5675958 2.5419047
 61.054558 4.343 4.202577 0.43596634 0.47984955 3.7666106
 61.08526 5.875 5.9852867 0.43581852 0.4125685 5.5494685
 61.11596 7.906 8.201944 0.43567058 0.355649 7.7662735
 61.146557 10.438 10.094989 0.43552294 0.30952188 9.659466
 61.177258 10.801 10.421525 0.43537465 0.30427623 9.986151
 61.20796 9.041 9.20288 0.4352262 0.33257666 8.767653
 61.23866 7.885 7.804283 0.43507758 0.3561223 7.369206
 61.26936 6.552 7.0467763 0.4349288 0.39067268 6.6118474
 61.299957 6.667 6.882237 0.43478036 0.38728866 6.447457
 61.330658 6.531 6.635586 0.43463126 0.3913003 6.2009544
 61.36136 6.209 5.710946 0.43448198 0.4013185 5.2764645
 61.39206 4.677 4.4135485 0.43433258 0.46239838 3.9792159
 61.422756 2.937 3.256215 0.43418297 0.5835096 2.822032
 61.453358 2.364 2.4095907 0.43403372 0.6503936 1.9755571
 61.48406 1.771 1.8432698 0.4338838 0.7514338 1.409386
 61.51476 1.573 1.4824191 0.4337337 0.7973255 1.0486854
 61.545456 1.281 1.2513394 0.43358347 0.8835384 0.817756
 61.576157 1.0 1.0961814 0.43343306 1.0 0.6627483
 61.60676 1.0 0.98556304 0.43328297 1.0 0.55228007
 61.63746 0.698 0.90190893 0.43313226 1.1969397 0.46877667
 61.66816 0.854 0.8366105 0.43298134 1.0821091 0.40362912
 61.698856 0.927 0.7844305 0.4328303 1.0386282 0.3516002
 61.729458 0.687 0.74213636 0.43267956 1.2064842 0.3094568
 61.76016 0.646 0.7071468 0.4325282 1.2441815 0.27461863
 61.79086 0.74 0.67795795 0.43237662 1.1624764 0.24558134
 61.821556 0.687 0.65335304 0.43222493 1.2064842 0.2211281
 61.852257 0.521 0.63242096 0.43207306 1.385419 0.20034792
 61.88286 0.448 0.6145228 0.4319215 1.4940357 0.18260133
 61.91356 0.437 0.5990079 0.4317693 1.5127226 0.16723856
 61.94426 0.562 0.5855205 0.43161693 1.3339263 0.15390357
 61.974957 0.604 0.57372975 0.43146443 1.2867125 0.1422653
 62.005657 0.542 0.56337106 0.43131173 1.3583145 0.13205935
 62.03626 0.615 0.55425936 0.43115938 1.2751534 0.12309998
 62.06696 0.51 0.5461622 0.43100637 1.4002801 0.115155816
 62.097656 0.535 0.5389693 0.4308532 1.3671719 0.10811611
 62.128357 0.435 0.53256387 0.43069983 1.5161961 0.10186403
 62.159058 0.493 0.52684927 0.43054634 1.4242182 0.09630294
 62.18966 0.575 0.521761 0.43039316 1.318761 0.091367826
 62.220356 0.548 0.5171992 0.43023935 1.3508581 0.0869599
 62.251057 0.632 0.5131261 0.43008533 1.2578865 0.08304072
 62.281757 0.448 0.50949544 0.4299312 1.4940357 0.07956427
 62.31236 0.555 0.5062794 0.42977735 1.3423121 0.07650205
 62.34306 0.458 0.50342613 0.4296229 1.4776353 0.07380326
 62.373756 0.487 0.50092226 0.42946824 1.4329648 0.071454
 62.404457 0.622 0.4987489 0.42931342 1.2679578 0.06943547
 62.435158 0.499 0.4968927 0.42915845 1.4156299 0.067734234
 62.46576 0.745 0.49534994 0.42900383 1.1585689 0.06634613
 62.496456 0.511 0.49410772 0.42884853 1.3989093 0.065259196
 62.527157 0.566 0.49317414 0.42869306 1.3292044 0.06448108
 62.557858 0.536 0.49255785 0.42853743 1.3658959 0.064020425
 62.58856 0.379 0.4922744 0.42838165 1.6243529 0.063892744
 62.61916 0.601 0.4923464 0.4282262 1.28992 0.0641202
 62.649857 0.544 0.4928075 0.4280701 1.3558154 0.064737424
 62.680557 0.616 0.49370337 0.4279138 1.274118 0.065789565
 62.711258 0.558 0.49509475 0.42775738 1.3386989 0.067337364
 62.74196 0.498 0.49706247 0.42760077 1.4170505 0.06946172
 62.772556 0.437 0.49970448 0.42744452 1.5127226 0.07225996
 62.803257 0.637 0.5031819 0.42728758 1.25294 0.075894296
 62.833958 0.589 0.50768226 0.4271305 1.3029938 0.080551766
 62.86466 0.527 0.513473 0.42697322 1.3775098 0.08649972
 62.895256 0.462 0.5209001 0.4268163 1.4712247 0.09408376
 62.925957 0.542 0.5305492 0.42665875 1.3583145 0.10389047
 62.956657 0.714 0.55864847 0.426501 1.1834527 0.13214745

#end of datafile: A02_Cs2Na0.2Ag0.8InCl6 - cut.xy

