data_A04_Cs2Na0.6Ag0.4InCl6 - cut.xy

_pd_meas_number_of_points 1630
_riet_meas_datafile_calibrated true

# On the following loop you will have:
#  2theta/d coordinate   experimental intensity  calculated intensity  background  intensity 1546186-Cs2AgInCl6

loop_
_pd_proc_2theta_corrected
_pd_proc_intensity_total
_pd_calc_intensity_total
_pd_proc_intensity_bkg_calc
_pd_proc_intensity_weight
_pd_calc_intensity_total
 13.998478 0.875 0.6244921 0.57787037 1.069045 0.046621762
 14.029179 0.708 0.62978494 0.5779543 1.1884568 0.05183062
 14.059878 0.823 0.6360024 0.5780381 1.1023006 0.057964314
 14.090478 0.76 0.6433461 0.57812154 1.1470786 0.06522455
 14.121179 0.917 0.65218073 0.57820505 1.0442761 0.07397566
 14.151878 0.906 0.66290385 0.5782885 1.0505964 0.08461534
 14.182578 0.802 0.6761022 0.57837176 1.116639 0.09773049
 14.213279 0.833 0.692607 0.5784549 1.0956643 0.11415211
 14.243878 0.875 0.71353996 0.57853764 1.069045 0.13500232
 14.274578 0.969 0.74087816 0.5786205 1.01587 0.1622577
 14.305279 1.198 0.7774055 0.5787032 0.91363263 0.1987023
 14.3359785 0.948 0.8277888 0.57878584 1.02706 0.24900298
 14.366678 1.042 0.9001137 0.57886827 0.9796392 0.3212454
 14.397279 1.188 1.0094467 0.57895035 0.9174698 0.43049636
 14.4279785 1.469 1.1925939 0.57903254 0.8250668 0.6135614
 14.458678 1.708 1.5555305 0.5791146 0.7651667 0.976416
 14.489378 3.135 2.5088475 0.5791965 0.5647825 1.929651
 14.519979 6.812 5.724061 0.57927805 0.3831446 5.144783
 14.550678 13.813 14.953225 0.5793597 0.26906425 14.373865
 14.581378 27.97 27.172462 0.5794412 0.18908356 26.593021
 14.612079 28.06 25.134003 0.5795226 0.18878008 24.554482
 14.642778 14.697 13.47317 0.57960385 0.26084688 12.893566
 14.673378 4.406 4.928228 0.5796847 0.47640657 4.348543
 14.704079 1.896 2.12621 0.5797657 0.7262411 1.5464442
 14.734778 1.219 1.4240655 0.5798465 0.90572876 0.8442189
 14.765478 1.104 1.1445003 0.5799272 0.9517337 0.564573
 14.796178 1.042 0.985903 0.5800078 0.9796392 0.40589526
 14.826778 0.937 0.8861816 0.58008796 1.033071 0.3060936
 14.857478 0.802 0.81898385 0.58016825 1.116639 0.23881559
 14.888178 0.729 0.77174896 0.5802484 1.171214 0.19150054
 14.918879 0.698 0.73729527 0.58032846 1.1969397 0.15696679
 14.949578 0.844 0.7114017 0.58040833 1.0885009 0.1309933
 14.980178 0.719 0.69152933 0.58048785 1.1793306 0.11104146
 15.010879 0.75 0.6758391 0.5805675 1.1547005 0.09527165
 15.041578 0.771 0.6632834 0.580647 1.1388664 0.08263643
 15.072278 0.667 0.65308285 0.5807263 1.2244388 0.07235651
 15.102879 0.729 0.64471805 0.5808053 1.171214 0.06391276
 15.133578 0.76 0.6377258 0.5808844 1.1470786 0.056841344
 15.164278 0.719 0.63184506 0.5809634 1.1793306 0.0508817
 15.194979 0.812 0.62685424 0.5810422 1.1097419 0.045812044
 15.225678 0.76 0.6225843 0.58112085 1.1470786 0.04146344
 15.256278 0.698 0.6189189 0.58119917 1.1969397 0.03771977
 15.286979 0.792 0.6157274 0.58127755 1.1236664 0.034449864
 15.317678 0.833 0.61294323 0.5813558 1.0956643 0.031587396
 15.348378 0.812 0.61050117 0.58143395 1.1097419 0.029067194
 15.379078 0.667 0.60834867 0.581512 1.2244388 0.026836697
 15.409678 0.687 0.6064505 0.5815896 1.2064842 0.02486087
 15.440378 0.563 0.60475665 0.58166736 1.3327411 0.023089282
 15.471078 0.74 0.60324544 0.58174497 1.1624764 0.021500496
 15.501779 0.677 0.60189253 0.5818224 1.2153621 0.020070098
 15.532478 0.479 0.60067743 0.58189976 1.4448816 0.018777655
 15.563078 0.562 0.59958494 0.5819767 1.3339263 0.017608259
 15.593779 0.75 0.59857804 0.5820538 1.1547005 0.01652429
 15.624478 0.75 0.5975414 0.5821307 1.1547005 0.015410703
 15.655178 0.802 0.59563935 0.5822075 1.116639 0.013431883
 15.685779 0.646 0.58652645 0.5822839 1.2441815 0.004242539
 15.716478 0.708 0.5824151 0.5823604 1.1884568 5.4702345E-5
 15.747178 0.562 0.5828623 0.5824368 1.3339263 4.2554157E-4
 15.777879 0.729 0.5831322 0.58251303 1.171214 6.191328E-4
 15.8085785 0.729 0.5832447 0.58258915 1.171214 6.555075E-4
 15.839178 0.677 0.5833599 0.5826649 1.2153621 6.950208E-4
 15.869879 0.646 0.58347917 0.5827407 1.2441815 7.3838583E-4
 15.9005785 0.5 0.5836024 0.5828165 1.4142135 7.859415E-4
 15.931278 0.5 0.5837303 0.58289206 1.4142135 8.3825015E-4
 15.961978 0.687 0.58386344 0.58296746 1.2064842 8.959687E-4
 15.9925785 0.604 0.58400214 0.58304256 1.2867125 9.5959485E-4
 16.02328 0.479 0.5841482 0.5831177 1.4448816 0.0010305252
 16.053978 0.74 0.58430237 0.58319277 1.1624764 0.0011096238
 16.084679 0.604 0.58446586 0.5832677 1.2867125 0.0011982028
 16.115377 0.552 0.58464026 0.58334243 1.3459548 0.0012978434
 16.145979 0.688 0.5848268 0.5834168 1.205607 0.0014099784
 16.176678 0.635 0.5850291 0.5834913 1.2549117 0.0015378097
 16.207378 0.521 0.58524954 0.5835657 1.385419 0.0016838671
 16.23808 0.656 0.5854917 0.5836399 1.2346619 0.0018517938
 16.268679 0.604 0.5857591 0.58371377 1.2867125 0.0020453297
 16.299377 0.656 0.5860595 0.58378774 1.2346619 0.0022717847
 16.330078 0.604 0.5863996 0.58386153 1.2867125 0.0025380594
 16.360779 0.729 0.5867893 0.58393526 1.171214 0.0028540983
 16.391478 0.687 0.58724195 0.5840088 1.2064842 0.003233138
 16.42208 0.573 0.587773 0.58408195 1.3210604 0.0036910423
 16.452778 0.729 0.5884112 0.58415526 1.171214 0.0042559574
 16.483479 0.625 0.5891897 0.5842284 1.264911 0.004961322
 16.51418 0.563 0.5901594 0.5843014 1.3327411 0.005857976
 16.544878 0.677 0.5913963 0.5843743 1.2153621 0.0070219794
 16.575478 0.583 0.59301084 0.5844468 1.3096815 0.008564044
 16.606178 0.521 0.5952053 0.5845194 1.385419 0.010685899
 16.636879 0.604 0.59830034 0.58459187 1.2867125 0.013708449
 16.667578 0.479 0.6029012 0.5846642 1.4448816 0.018237012
 16.698278 0.677 0.6103078 0.5847364 1.2153621 0.025571395
 16.728878 0.594 0.6240699 0.58480823 1.2974982 0.039261654
 16.759579 0.615 0.65862775 0.5848802 1.2751534 0.07374754
 16.790277 0.792 0.7753765 0.584952 1.1236664 0.19042453
 16.820978 1.26 1.1108993 0.58502364 0.8908708 0.5258756
 16.851578 1.354 1.5712676 0.5850949 0.85939074 0.9861727
 16.882278 1.427 1.5512495 0.58516634 0.8371206 0.9660832
 16.91298 1.229 1.1812453 0.5852376 0.90203637 0.5960077
 16.943678 0.687 0.82140523 0.58530873 1.2064842 0.23609649
 16.974379 0.635 0.6687227 0.5853797 1.2549117 0.083342955
 17.004978 0.625 0.62677467 0.58545035 1.264911 0.041324344
 17.035679 0.5 0.6123148 0.58552104 1.4142135 0.026793743
 17.066378 0.406 0.6046519 0.5855916 1.569412 0.01906032
 17.097078 0.646 0.5999184 0.58566207 1.2441815 0.014256341
 17.127779 0.49 0.5967953 0.5857324 1.4285715 0.011062907
 17.158379 0.531 0.59464353 0.5858024 1.3723116 0.008841194
 17.189077 0.708 0.5930947 0.5858724 1.1884568 0.007222294
 17.219778 0.521 0.5919529 0.5859423 1.385419 0.006010612
 17.250479 0.594 0.5910922 0.58601207 1.2974982 0.005080131
 17.281178 0.531 0.59043175 0.5860817 1.3723116 0.004350026
 17.311779 0.562 0.5899198 0.586151 1.3339263 0.0037688306
 17.342478 0.531 0.58951557 0.5862204 1.3723116 0.0032952288
 17.373178 0.552 0.5891952 0.5862896 1.3459548 0.0029055858
 17.40388 0.604 0.58893985 0.58635867 1.2867125 0.0025811293
 17.434479 0.594 0.5887366 0.58642745 1.2974982 0.0023091433
 17.465178 0.656 0.58857346 0.58649623 1.2346619 0.0020772056
 17.495878 0.667 0.5884435 0.58656496 1.2244388 0.0018785379
 17.526579 0.531 0.5883406 0.5866335 1.3723116 0.0017070569
 17.557278 0.49 0.58825994 0.5867019 1.4285715 0.0015580017
 17.58788 0.563 0.5881981 0.58677 1.3327411 0.0014281386
 17.618578 0.563 0.58815163 0.5868381 1.3327411 0.0013134654
 17.649279 0.51 0.58811826 0.5869062 1.4002801 0.001212069
 17.679977 0.615 0.588096 0.5869741 1.2751534 0.0011219702
 17.710678 0.625 0.5880833 0.5870418 1.264911 0.0010415418
 17.741278 0.615 0.5880789 0.5871092 1.2751534 9.6973445E-4
 17.771978 0.563 0.58808154 0.5871767 1.3327411 9.048786E-4
 17.80268 0.552 0.58809036 0.58724403 1.3459548 8.463176E-4
 17.833378 0.771 0.5881045 0.5873112 1.1388664 7.932591E-4
 17.864079 0.615 0.5881233 0.5873783 1.2751534 7.4502884E-4
 17.894678 0.583 0.5881462 0.587445 1.3096815 7.011964E-4
 17.925379 0.542 0.58817244 0.58751184 1.3583145 6.606284E-4
 17.956078 0.552 0.5881986 0.5875785 1.3459548 6.201206E-4
 17.986778 0.583 0.58819574 0.58764505 1.3096815 5.5073266E-4
 18.017378 0.604 0.5878876 0.5877112 1.2867125 1.7638672E-4
 18.048079 0.573 0.5877775 0.5877775 1.3210604 0.0
 18.07878 0.594 0.5878436 0.5878436 1.2974982 0.0
 18.109478 0.719 0.5879096 0.5879096 1.1793306 0.0
 18.140179 0.594 0.58797544 0.58797544 1.2974982 0.0
 18.170778 0.479 0.58804095 0.58804095 1.4448816 0.0
 18.201479 0.667 0.5881066 0.5881066 1.2244388 0.0
 18.232178 0.604 0.588172 0.588172 1.2867125 0.0
 18.262878 0.427 0.58823735 0.58823735 1.5303334 0.0
 18.29358 0.563 0.5883025 0.5883025 1.3327411 0.0
 18.324179 0.552 0.58836734 0.58836734 1.3459548 0.0
 18.354877 0.552 0.58843225 0.58843225 1.3459548 0.0
 18.385578 0.521 0.58849704 0.58849704 1.385419 0.0
 18.416279 0.552 0.5885617 0.5885617 1.3459548 0.0
 18.446978 0.625 0.5886262 0.5886262 1.264911 0.0
 18.47758 0.552 0.58869034 0.58869034 1.3459548 0.0
 18.508278 0.646 0.5887546 0.5887546 1.2441815 0.0
 18.538979 0.708 0.5888187 0.5888187 1.1884568 0.0
 18.56968 0.615 0.5888827 0.5888827 1.2751534 0.0
 18.600279 0.635 0.5889463 0.5889463 1.2549117 0.0
 18.630978 0.573 0.58901 0.58901 1.3210604 0.0
 18.661678 0.51 0.58907354 0.58907354 1.4002801 0.0
 18.692379 0.573 0.589137 0.589137 1.3210604 0.0
 18.723078 0.417 0.5892003 0.5892003 1.5485741 0.0
 18.753677 0.521 0.58926326 0.58926326 1.385419 0.0
 18.784378 0.615 0.58932626 0.58932626 1.2751534 0.0
 18.815079 0.583 0.58938915 0.58938915 1.3096815 0.0
 18.845778 0.458 0.5894519 0.5894519 1.4776353 0.0
 18.876478 0.594 0.58951455 0.58951455 1.2974982 0.0
 18.907078 0.521 0.58957684 0.58957684 1.385419 0.0
 18.937778 0.615 0.5896392 0.5896392 1.2751534 0.0
 18.96848 0.531 0.58970135 0.58970135 1.3723116 0.0
 18.999178 0.635 0.58976346 0.58976346 1.2549117 0.0
 19.029879 0.542 0.5898254 0.5898254 1.3583145 0.0
 19.060478 0.438 0.589887 0.589887 1.5109947 0.0
 19.091179 0.646 0.58994865 0.58994865 1.2441815 0.0
 19.121878 0.531 0.5900102 0.5900102 1.3723116 0.0
 19.152578 0.562 0.5900716 0.5900716 1.3339263 0.0
 19.183178 0.521 0.5901327 0.5901327 1.385419 0.0
 19.213879 0.635 0.5901938 0.5901938 1.2549117 0.0
 19.244577 0.458 0.59025484 0.59025484 1.4776353 0.0
 19.275278 0.406 0.5903157 0.5903157 1.569412 0.0
 19.305979 0.531 0.59037644 0.59037644 1.3723116 0.0
 19.336578 0.625 0.5904368 0.5904368 1.264911 0.0
 19.36728 0.521 0.59049726 0.59049726 1.385419 0.0
 19.397978 0.396 0.5905576 0.5905576 1.5891043 0.0
 19.428679 0.49 0.5906178 0.5906178 1.4285715 0.0
 19.45938 0.406 0.59067786 0.59067786 1.569412 0.0
 19.489979 0.552 0.5907376 0.5907376 1.3459548 0.0
 19.520678 0.458 0.59079736 0.59079736 1.4776353 0.0
 19.551378 0.417 0.590857 0.590857 1.5485741 0.0
 19.582079 0.594 0.5909165 0.5909165 1.2974982 0.0
 19.612778 0.552 0.5909759 0.5909759 1.3459548 0.0
 19.64338 0.594 0.59103495 0.59103495 1.2974982 0.0
 19.674078 0.531 0.5910941 0.5910941 1.3723116 0.0
 19.704779 0.552 0.591153 0.591153 1.3459548 0.0
 19.735477 0.5 0.59121186 0.59121186 1.4142135 0.0
 19.766079 0.438 0.5912704 0.5912704 1.5109947 0.0
 19.796778 0.667 0.591329 0.591329 1.2244388 0.0
 19.827478 0.531 0.5913874 0.5913874 1.3723116 0.0
 19.85818 0.604 0.5914457 0.5914457 1.2867125 0.0
 19.888878 0.688 0.59150386 0.59150386 1.205607 0.0
 19.919477 0.552 0.5915617 0.5915617 1.3459548 0.0
 19.950178 0.615 0.5916196 0.5916196 1.2751534 0.0
 19.980879 0.417 0.59167737 0.59167737 1.5485741 0.0
 20.011578 0.531 0.591735 0.591735 1.3723116 0.0
 20.042278 0.458 0.59179246 0.59179246 1.4776353 0.0
 20.072878 0.573 0.5918496 0.5918496 1.3210604 0.0
 20.103579 0.563 0.59190685 0.59190685 1.3327411 0.0
 20.13428 0.469 0.59196395 0.59196395 1.4602041 0.0
 20.164978 0.635 0.59202087 0.59202087 1.2549117 0.0
 20.195679 0.458 0.59207773 0.59207773 1.4776353 0.0
 20.226278 0.531 0.5921342 0.5921342 1.3723116 0.0
 20.256979 0.5 0.59219074 0.59219074 1.4142135 0.0
 20.287678 0.365 0.5922471 0.5922471 1.6552118 0.0
 20.318378 0.656 0.59230345 0.59230345 1.2346619 0.0
 20.348978 0.583 0.59235936 0.59235936 1.3096815 0.0
 20.379679 0.604 0.5924154 0.5924154 1.2867125 0.0
 20.410378 0.625 0.59247124 0.59247124 1.264911 0.0
 20.441078 0.563 0.592527 0.592527 1.3327411 0.0
 20.471779 0.615 0.5925826 0.5925826 1.2751534 0.0
 20.502378 0.604 0.5926379 0.5926379 1.2867125 0.0
 20.53308 0.542 0.5926932 0.5926932 1.3583145 0.0
 20.563778 0.469 0.5927484 0.5927484 1.4602041 0.0
 20.594479 0.594 0.5928035 0.5928035 1.2974982 0.0
 20.625177 0.5 0.5928584 0.5928584 1.4142135 0.0
 20.655779 0.573 0.592913 0.592913 1.3210604 0.0
 20.686478 0.469 0.5929676 0.5929676 1.4602041 0.0
 20.717178 0.531 0.59302217 0.59302217 1.3723116 0.0
 20.747879 0.562 0.5930766 0.5930766 1.3339263 0.0
 20.778578 0.51 0.5931308 0.5931308 1.4002801 0.0
 20.809177 0.615 0.59318477 0.59318477 1.2751534 0.0
 20.839878 0.563 0.5932387 0.5932387 1.3327411 0.0
 20.870579 0.469 0.5932926 0.5932926 1.4602041 0.0
 20.901278 0.698 0.5933463 0.5933463 1.1969397 0.0
 20.931879 0.531 0.5933997 0.5933997 1.3723116 0.0
 20.962578 0.542 0.5934531 0.5934531 1.3583145 0.0
 20.993279 0.573 0.59350646 0.59350646 1.3210604 0.0
 21.02398 0.677 0.5935596 0.5935596 1.2153621 0.0
 21.054678 0.5 0.5936126 0.5936126 1.4142135 0.0
 21.085278 0.562 0.59366536 0.59366536 1.3339263 0.0
 21.115978 0.635 0.5937181 0.5937181 1.2549117 0.0
 21.146679 0.583 0.59377074 0.59377074 1.3096815 0.0
 21.177378 0.51 0.59382325 0.59382325 1.4002801 0.0
 21.208078 0.479 0.5938756 0.5938756 1.4448816 0.0
 21.238678 0.656 0.5939277 0.5939277 1.2346619 0.0
 21.269379 0.583 0.5939798 0.5939798 1.3096815 0.0
 21.300077 0.677 0.5940317 0.5940317 1.2153621 0.0
 21.330778 0.479 0.59408355 0.59408355 1.4448816 0.0
 21.361479 0.563 0.5941352 0.5941352 1.3327411 0.0
 21.392078 0.573 0.5941866 0.5941866 1.3210604 0.0
 21.42278 0.583 0.59423804 0.59423804 1.3096815 0.0
 21.453478 0.531 0.5942893 0.5942893 1.3723116 0.0
 21.484179 0.583 0.59434044 0.59434044 1.3096815 0.0
 21.514778 0.76 0.5943913 0.5943913 1.1470786 0.0
 21.545479 0.771 0.5944421 0.5944421 1.1388664 0.0
 21.576178 0.906 0.5944929 0.5944929 1.0505964 0.0
 21.606878 0.875 0.5945435 0.5945435 1.069045 0.0
 21.637579 0.708 0.594594 0.594594 1.1884568 0.0
 21.668179 0.688 0.5946441 0.5946441 1.205607 0.0
 21.69888 0.74 0.5946944 0.5946944 1.1624764 0.0
 21.729578 0.687 0.5947444 0.5947444 1.2064842 0.0
 21.760279 0.677 0.59479433 0.59479433 1.2153621 0.0
 21.790977 0.521 0.59484416 0.59484416 1.385419 0.0
 21.821579 0.542 0.59489363 0.59489363 1.3583145 0.0
 21.852278 0.677 0.59494317 0.59494317 1.2153621 0.0
 21.882978 0.583 0.5949926 0.5949926 1.3096815 0.0
 21.91368 0.458 0.5950418 0.5950418 1.4776353 0.0
 21.944378 0.469 0.5950909 0.5950909 1.4602041 0.0
 21.974977 0.646 0.59513974 0.59513974 1.2441815 0.0
 22.005678 0.552 0.5951886 0.5951886 1.3459548 0.0
 22.036379 0.667 0.5952373 0.5952373 1.2244388 0.0
 22.067078 0.563 0.5952859 0.5952859 1.3327411 0.0
 22.09768 0.51 0.5953342 0.5953342 1.4002801 0.0
 22.128378 0.562 0.5953825 0.5953825 1.3339263 0.0
 22.159079 0.542 0.5954307 0.5954307 1.3583145 0.0
 22.189777 0.74 0.5954787 0.5954787 1.1624764 0.0
 22.220478 0.583 0.59552664 0.59552664 1.3096815 0.0
 22.251078 0.531 0.59557426 0.59557426 1.3723116 0.0
 22.281778 0.656 0.5956219 0.5956219 1.2346619 0.0
 22.312479 0.437 0.5956694 0.5956694 1.5127226 0.0
 22.343178 0.656 0.5957167 0.5957167 1.2346619 0.0
 22.373878 0.531 0.595764 0.595764 1.3723116 0.0
 22.404478 0.563 0.5958109 0.5958109 1.3327411 0.0
 22.435179 0.531 0.59585786 0.59585786 1.3723116 0.0
 22.465878 0.771 0.5959047 0.5959047 1.1388664 0.0
 22.496578 0.646 0.5959514 0.5959514 1.2441815 0.0
 22.527279 0.625 0.5959979 0.5959979 1.264911 0.0
 22.557878 0.552 0.5960442 0.5960442 1.3459548 0.0
 22.58858 0.563 0.59611917 0.5960905 1.3327411 2.8693996E-5
 22.619278 0.698 0.59657973 0.5961366 1.1969397 4.4310652E-4
 22.649979 0.719 0.60263467 0.59618264 1.1793306 0.006451995
 22.680578 0.75 0.6893 0.5962284 1.1547005 0.09307162
 22.711279 0.646 0.69704133 0.59627414 1.2441815 0.100767165
 22.741978 0.615 0.7453876 0.59631974 1.2751534 0.14906785
 22.772678 0.552 0.7533259 0.5963652 1.3459548 0.15696067
 22.80338 0.729 0.76191026 0.5964106 1.171214 0.16549967
 22.833979 0.667 0.77117264 0.59645563 1.2244388 0.17471704
 22.864677 0.75 0.7812654 0.5965007 1.1547005 0.1847647
 22.895378 0.906 0.79225063 0.59654564 1.0505964 0.19570498
 22.926079 0.875 0.80423784 0.59659046 1.069045 0.20764743
 22.956778 1.052 0.8173561 0.5966351 0.97497195 0.22072099
 22.98738 0.906 0.8316897 0.5966795 1.0505964 0.23501025
 23.018078 0.771 0.8475179 0.59672385 1.1388664 0.25079402
 23.048779 0.833 0.8649917 0.59676814 1.0956643 0.26822358
 23.07948 0.844 0.8843493 0.59681225 1.0885009 0.287537
 23.110178 0.792 0.90587664 0.59685624 1.1236664 0.30902037
 23.140778 0.802 0.92980534 0.5969 1.116639 0.33290538
 23.171478 1.042 0.956719 0.5969437 0.9796392 0.35977527
 23.202179 1.01 0.9870249 0.59698725 0.9950372 0.39003766
 23.232878 0.917 1.0213267 0.5970307 1.0442761 0.4242959
 23.26348 0.99 1.0601859 0.5970739 1.0050378 0.46311206
 23.294178 0.99 1.1048021 0.59711707 1.0050378 0.50768507
 23.324879 1.146 1.1561809 0.5971601 0.9341308 0.55902076
 23.355577 1.239 1.2157663 0.597203 0.89838886 0.61856335
 23.386278 1.198 1.2854214 0.5972458 0.91363263 0.68817556
 23.416878 1.177 1.3671796 0.5972883 0.9217471 0.7698913
 23.447578 1.229 1.4648037 0.5973308 0.90203637 0.8674729
 23.47828 1.365 1.5822419 0.5973732 0.855921 0.98486865
 23.508978 1.583 1.7252562 0.59741545 0.7948031 1.1278408
 23.539679 1.844 1.9018956 0.5974575 0.7364098 1.3044381
 23.570278 2.239 2.1225588 0.5974994 0.6683023 1.5250595
 23.600979 2.667 2.4055324 0.5975412 0.6123342 1.8079911
 23.631678 2.719 2.7752748 0.5975829 0.60645056 2.177692
 23.662378 3.521 3.2712793 0.5976244 0.5329261 2.673655
 23.693079 4.645 3.9584272 0.59766585 0.46398842 3.3607614
 23.723679 5.375 4.9441395 0.59770703 0.4313311 4.346432
 23.754377 6.697 6.4463553 0.59774816 0.38642022 5.848607
 23.785078 10.999 8.942503 0.5977892 0.30152506 8.344713
 23.815779 19.094 14.069162 0.5978301 0.22885033 13.471332
 23.846378 34.699 28.636885 0.5978707 0.1697624 28.039015
 23.877079 71.672 71.13181 0.5979113 0.11812049 70.5339
 23.907778 144.364 149.12372 0.5979518 0.08322821 148.52577
 23.938478 195.464 191.3602 0.5979922 0.07152644 190.7622
 23.96918 149.473 156.76031 0.59803236 0.081793465 156.16228
 23.999779 114.535 111.71926 0.5980723 0.09343958 111.12119
 24.030478 56.429 56.638218 0.5981122 0.13312168 56.040108
 24.061178 24.436 24.278658 0.59815204 0.2022949 23.680506
 24.091879 11.905 12.256236 0.59819174 0.28982463 11.658045
 24.122578 7.937 7.985724 0.59823126 0.3549538 7.3874927
 24.15318 4.875 5.875358 0.59827054 0.4529108 5.2770877
 24.183878 3.667 4.568421 0.5983098 0.5222092 3.9701111
 24.214579 3.031 3.6946557 0.5983489 0.57439023 3.0963068
 24.245277 2.823 3.0811868 0.59838796 0.59517485 2.4827988
 24.275978 1.979 2.633802 0.5984268 0.71084857 2.035375
 24.306578 1.958 2.2986763 0.5984654 0.71465045 1.7002107
 24.337278 1.844 2.0393252 0.598504 0.7364098 1.4408214
 24.36798 1.781 1.8351907 0.59854245 0.7493212 1.2366482
 24.398678 1.635 1.671593 0.5985808 0.7820619 1.0730121
 24.429277 1.375 1.5389582 0.5986188 0.8528029 0.94033945
 24.459978 1.364 1.429159 0.5986569 0.85623467 0.83050215
 24.490679 1.187 1.337557 0.5986948 0.9178562 0.7388622
 24.521378 1.375 1.2603374 0.5987326 0.8528029 0.66160476
 24.552078 1.313 1.1946255 0.5987702 0.87270534 0.59585524
 24.582678 1.333 1.13846 0.59880763 0.8661337 0.53965235
 24.613379 1.25 1.089729 0.598845 0.8944272 0.490884
 24.64408 1.208 1.047326 0.5988822 0.90984315 0.44844368
 24.674778 1.302 1.0101997 0.59891933 0.87638414 0.41128027
 24.705479 1.406 0.97750324 0.5989563 0.84334904 0.37854695
 24.736078 0.979 0.94867265 0.598993 1.0106683 0.34967962
 24.766779 1.073 0.9229364 0.5990297 0.96538407 0.32390663
 24.797478 1.135 0.8999489 0.5990663 0.9386465 0.3008826
 24.828178 1.021 0.8793319 0.59910274 0.9896625 0.28022918
 24.85888 1.021 0.86076695 0.59913903 0.9896625 0.26162794
 24.889479 1.01 0.8440571 0.59917504 0.9950372 0.24488202
 24.920177 0.74 0.8288532 0.5992111 1.1624764 0.2296421
 24.950878 1.0 0.81502867 0.599247 1.0 0.21578169
 24.981579 1.052 0.80241936 0.59928274 0.97497195 0.20313661
 25.012178 0.896 0.79093295 0.59931827 1.0564429 0.19161472
 25.04288 0.948 0.78036344 0.59935373 1.02706 0.18100971
 25.073578 0.917 0.77065057 0.5993891 1.0442761 0.1712615
 25.104279 0.74 0.7617042 0.5994243 1.1624764 0.16227993
 25.13498 0.875 0.753429 0.59945935 1.069045 0.1539696
 25.165579 0.677 0.74555415 0.5994942 1.2153621 0.14605996
 25.196278 0.719 0.733861 0.599529 1.1793306 0.134332
 25.226978 0.854 0.6463923 0.5995637 1.0821091 0.046828564
 25.257679 0.927 0.64189947 0.5995982 1.0386282 0.0423012
 25.288378 0.719 0.5996326 0.5996326 1.1793306 0.0
 25.31898 0.729 0.59966683 0.59966683 1.171214 0.0
 25.349678 0.812 0.5997009 0.5997009 1.1097419 0.0
 25.380379 0.823 0.59973496 0.59973496 1.1023006 0.0
 25.411077 0.781 0.5997688 0.5997688 1.1315519 0.0
 25.441778 0.677 0.59980255 0.59980255 1.2153621 0.0
 25.472378 0.708 0.59983605 0.59983605 1.1884568 0.0
 25.503078 0.75 0.5998695 0.5998695 1.1547005 0.0
 25.53378 0.625 0.5999028 0.5999028 1.264911 0.0
 25.564478 0.656 0.599936 0.599936 1.2346619 0.0
 25.595078 0.635 0.59996897 0.59996897 1.2549117 0.0
 25.625778 0.677 0.6000019 0.6000019 1.2153621 0.0
 25.656479 0.677 0.60003465 0.60003465 1.2153621 0.0
 25.687178 0.604 0.6000673 0.6000673 1.2867125 0.0
 25.717878 0.823 0.60009986 0.60009986 1.1023006 0.0
 25.748478 0.625 0.6001321 0.6001321 1.264911 0.0
 25.779179 0.594 0.60016435 0.60016435 1.2974982 0.0
 25.809877 0.5 0.6001965 0.6001965 1.4142135 0.0
 25.840578 0.646 0.6002284 0.6002284 1.2441815 0.0
 25.871279 0.552 0.6002603 0.6002603 1.3459548 0.0
 25.901878 0.729 0.6002919 0.6002919 1.171214 0.0
 25.932579 0.635 0.60032344 0.60032344 1.2549117 0.0
 25.963278 0.563 0.6003549 0.6003549 1.3327411 0.0
 25.993979 0.615 0.6003862 0.6003862 1.2751534 0.0
 26.02468 0.573 0.6004174 0.6004174 1.3210604 0.0
 26.055279 0.625 0.6004483 0.6004483 1.264911 0.0
 26.085978 0.667 0.6004792 0.6004792 1.2244388 0.0
 26.116678 0.646 0.60050994 0.60050994 1.2441815 0.0
 26.147379 0.521 0.6005406 0.6005406 1.385419 0.0
 26.177979 0.521 0.600571 0.600571 1.385419 0.0
 26.20868 0.562 0.6006013 0.6006013 1.3339263 0.0
 26.239378 0.521 0.60063154 0.60063154 1.385419 0.0
 26.270079 0.635 0.60066164 0.60066164 1.2549117 0.0
 26.300777 0.51 0.6006916 0.6006916 1.4002801 0.0
 26.331379 0.521 0.6007213 0.6007213 1.385419 0.0
 26.362078 0.583 0.600751 0.600751 1.3096815 0.0
 26.392778 0.604 0.60078055 0.60078055 1.2867125 0.0
 26.42348 0.594 0.60080993 0.60080993 1.2974982 0.0
 26.454178 0.552 0.60083926 0.60083926 1.3459548 0.0
 26.484777 0.719 0.6008683 0.6008683 1.1793306 0.0
 26.515478 0.677 0.6008973 0.6008973 1.2153621 0.0
 26.546179 0.698 0.60092616 0.60092616 1.1969397 0.0
 26.576878 0.687 0.6009549 0.6009549 1.2064842 0.0
 26.607578 0.802 0.6009835 0.6009835 1.116639 0.0
 26.638178 0.521 0.6010119 0.6010119 1.385419 0.0
 26.668879 0.563 0.6010402 0.6010402 1.3327411 0.0
 26.69958 0.562 0.60106885 0.6010684 1.3339263 4.2925095E-7
 26.730278 0.604 0.6011052 0.60109645 1.2867125 8.728078E-6
 26.760878 0.573 0.60129255 0.6011243 1.3210604 1.6823848E-4
 26.791578 0.656 0.6044252 0.6011521 1.2346619 0.0032731264
 26.822279 0.594 0.6046851 0.6011798 1.2974982 0.0035053804
 26.852978 0.438 0.6064021 0.60120726 1.5109947 0.0051947995
 26.883678 0.594 0.6066824 0.6012347 1.2974982 0.005447749
 26.914278 0.573 0.6069804 0.6012618 1.3210604 0.005718545
 26.944979 0.604 0.6073001 0.6012889 1.2867125 0.0060111424
 26.975677 0.604 0.6076427 0.6013159 1.2867125 0.006326793
 27.006378 0.49 0.60801077 0.6013428 1.4285715 0.0066679968
 27.037079 0.625 0.60840714 0.6013695 1.264911 0.0070376704
 27.067678 0.625 0.6088333 0.60139596 1.264911 0.0074373484
 27.09838 0.625 0.60929614 0.6014224 1.264911 0.007873714
 27.129078 0.49 0.6097984 0.6014487 1.4285715 0.008349658
 27.159779 0.573 0.610345 0.6014749 1.3210604 0.008870136
 27.190477 0.656 0.61094195 0.6015009 1.2346619 0.0094410125
 27.221079 0.615 0.61159307 0.60152674 1.2751534 0.010066297
 27.251778 0.719 0.612311 0.60155255 1.1793306 0.010758468
 27.282478 0.646 0.6131028 0.6015782 1.2441815 0.011524632
 27.313179 0.615 0.6139796 0.6016036 1.2751534 0.012375918
 27.343779 0.625 0.61495024 0.6016289 1.264911 0.013321299
 27.374477 0.479 0.61603755 0.6016542 1.4448816 0.014383396
 27.405178 0.646 0.6172571 0.60167927 1.2441815 0.0155778555
 27.435879 0.562 0.6186319 0.6017042 1.3339263 0.016927686
 27.466578 0.521 0.62019044 0.60172904 1.385419 0.018461414
 27.497179 0.646 0.62196 0.60175365 1.2441815 0.020206332
 27.527878 0.771 0.62399703 0.6017782 1.1388664 0.022218825
 27.558578 0.688 0.6263505 0.6018026 1.205607 0.024547946
 27.58928 0.594 0.6290908 0.6018269 1.2974982 0.027263928
 27.619978 0.729 0.6323093 0.60185105 1.171214 0.030458257
 27.650578 0.625 0.6361083 0.60187495 1.264911 0.034233294
 27.681278 0.708 0.6406738 0.60189885 1.1884568 0.038775
 27.711979 0.677 0.6462081 0.6019226 1.2153621 0.04428551
 27.742678 0.646 0.65300804 0.6019462 1.2441815 0.051061835
 27.773378 0.562 0.66149557 0.60196966 1.3339263 0.059525896
 27.803978 0.771 0.6722316 0.6019929 1.1388664 0.070238695
 27.834679 0.719 0.68620414 0.60201615 1.1793306 0.08418801
 27.865377 0.792 0.7047906 0.6020392 1.1236664 0.10275139
 27.896078 0.729 0.7302788 0.6020621 1.171214 0.12821667
 27.926678 0.99 0.76638466 0.6020849 1.0050378 0.16429979
 27.957378 0.906 0.8205381 0.6021075 1.0505964 0.21843056
 27.98808 0.969 0.9094626 0.60213006 1.01587 0.30733252
 28.018778 1.094 1.1096227 0.6021524 0.95607364 0.5074703
 28.049479 1.625 1.5548908 0.6021747 0.78446454 0.95271605
 28.080078 2.792 2.753403 0.60219675 0.59846985 2.1512063
 28.110779 4.396 5.0263286 0.60221875 0.47694814 4.4241095
 28.141478 6.072 6.689929 0.60224056 0.40582064 6.0876884
 28.172178 5.218 5.813949 0.6022623 0.43777198 5.211687
 28.202879 4.5 4.8109612 0.6022839 0.47140452 4.2086773
 28.233479 3.052 3.442811 0.60230523 0.5724107 2.8405058
 28.26418 1.719 2.0451603 0.6023266 0.7627146 1.4428338
 28.294878 1.313 1.3168265 0.60234773 0.87270534 0.71447873
 28.325579 0.917 1.0382843 0.6023688 1.0442761 0.43591544
 28.356277 0.792 0.9252788 0.6023897 1.1236664 0.32288912
 28.386879 0.969 0.8654747 0.60241044 1.01587 0.2630643
 28.417578 0.917 0.828841 0.60243106 1.0442761 0.22640994
 28.448278 0.74 0.80568916 0.60245156 1.1624764 0.20323758
 28.47898 0.812 0.7911587 0.6024719 1.1097419 0.18868679
 28.509579 0.823 0.78256494 0.6024921 1.1023006 0.18007287
 28.540277 0.656 0.778251 0.6025122 1.2346619 0.17573883
 28.570978 0.896 0.7772925 0.60253215 1.0564429 0.17476034
 28.601679 0.51 0.77910817 0.602552 1.4002801 0.1765562
 28.632378 0.917 0.7833651 0.60257167 1.0442761 0.18079342
 28.66298 0.865 0.7898705 0.60259116 1.0752066 0.18727936
 28.693678 0.823 0.79863966 0.6026106 1.1023006 0.19602904
 28.724379 0.687 0.8097291 0.6026299 1.2064842 0.20709923
 28.755077 0.625 0.8233176 0.60264903 1.264911 0.2206686
 28.785778 0.865 0.83969325 0.60266805 1.0752066 0.23702519
 28.816378 0.625 0.85917443 0.6026869 1.264911 0.25648758
 28.847078 0.865 0.8824518 0.6027056 1.0752066 0.27974617
 28.877779 0.906 0.9101922 0.6027242 1.0505964 0.307468
 28.908478 0.75 0.9433692 0.6027427 1.1547005 0.3406265
 28.939178 0.771 0.98329276 0.60276103 1.1388664 0.3805317
 28.969778 0.833 1.0315064 0.6027792 1.0956643 0.42872727
 29.000479 0.969 1.090766 0.60279727 1.01587 0.48796865
 29.031178 0.896 1.164274 0.6028152 1.0564429 0.56145877
 29.061878 1.187 1.2568473 0.60283303 0.9178562 0.6540143
 29.092478 1.156 1.374978 0.6028506 0.93008167 0.7721273
 29.123178 1.302 1.530117 0.60286814 0.87638414 0.92724884
 29.15388 1.396 1.7385181 0.60288554 0.8463642 1.1356325
 29.184578 2.083 2.0274453 0.6029028 0.69287574 1.4245424
 29.215279 2.156 2.4442823 0.60291994 0.6810447 1.8413624
 29.245878 2.656 3.0762093 0.60293686 0.61360085 2.4732723
 29.276579 4.135 4.1468825 0.60295373 0.49177024 3.5439286
 29.307278 6.136 6.4277725 0.6029705 0.40369868 5.824802
 29.337978 11.219 12.576236 0.60298705 0.29855403 11.9732485
 29.36868 23.115 27.494295 0.6030035 0.20799507 26.89129
 29.399279 43.57 49.896656 0.6030198 0.15149777 49.293636
 29.429977 66.484 57.267605 0.6030359 0.12264262 56.66457
 29.460678 48.684 46.257004 0.603052 0.14332002 45.653954
 29.491379 39.355 37.838833 0.60306793 0.15940431 37.235767
 29.522078 30.147 24.271948 0.60308367 0.18212852 23.668865
 29.55268 12.489 12.284068 0.6030993 0.28296724 11.680969
 29.583378 5.687 6.3051333 0.6031148 0.41933236 5.7020187
 29.614079 3.698 3.9643128 0.60313016 0.52001584 3.3611825
 29.64478 2.573 2.9299183 0.6031454 0.6234191 2.326773
 29.675379 2.115 2.3381753 0.60316044 0.68761414 1.7350148
 29.706078 1.646 1.948572 0.6031754 0.7794443 1.3453966
 29.736778 1.375 1.6775274 0.60319024 0.8528029 1.0743371
 29.767479 1.208 1.4811949 0.60320497 0.90984315 0.87798995
 29.798178 0.969 1.3343351 0.6032195 1.01587 0.7311156
 29.82878 1.219 1.2219762 0.6032339 0.90572876 0.6187422
 29.859478 0.792 1.1334702 0.6032482 1.1236664 0.53022194
 29.890179 1.063 1.06274 0.60326236 0.9699143 0.4594776
 29.920877 0.885 1.0053135 0.6032764 1.062988 0.4020372
 29.951578 1.0 0.95803654 0.60329026 1.0 0.35474628
 29.982178 0.958 0.91879237 0.60330397 1.0216855 0.31548843
 30.012878 0.875 0.8856259 0.60331756 1.069045 0.28230834
 30.04358 0.813 0.85744005 0.6033311 1.1090592 0.254109
 30.074278 0.969 0.83328354 0.60334444 1.01587 0.2299391
 30.104979 0.854 0.8124185 0.6033576 1.0821091 0.20906089
 30.135578 0.656 0.7943412 0.60337067 1.2346619 0.19097055
 30.166279 0.823 0.77846426 0.6033836 1.1023006 0.17508061
 30.196978 0.74 0.7644927 0.6033964 1.1624764 0.16109629
 30.227678 0.948 0.752131 0.6034091 1.02706 0.14872187
 30.258278 0.823 0.7411828 0.60342157 1.1023006 0.1377612
 30.288979 0.844 0.73137116 0.60343397 1.0885009 0.12793715
 30.31968 0.812 0.7225748 0.60344625 1.1097419 0.11912854
 30.350378 0.969 0.7146582 0.6034584 1.01587 0.111199796
 30.381079 0.854 0.7075064 0.6034704 1.0821091 0.10403602
 30.411678 0.708 0.7010491 0.60348225 1.1884568 0.09756686
 30.442379 0.594 0.69515723 0.6034939 1.2974982 0.09166326
 30.473078 0.75 0.68978554 0.60350555 1.1547005 0.08628002
 30.503778 0.771 0.6848746 0.603517 1.1388664 0.08135758
 30.53448 0.906 0.68037224 0.6035283 1.0505964 0.07684391
 30.565079 0.625 0.6762505 0.60353947 1.264911 0.07271102
 30.595778 0.74 0.67244047 0.60355055 1.1624764 0.068889946
 30.626478 0.75 0.6689239 0.60356146 1.1547005 0.065362476
 30.657179 0.99 0.6656714 0.60357225 1.0050378 0.0620992
 30.687878 0.708 0.66265666 0.60358286 1.1884568 0.05907376
 30.71848 1.063 0.6598679 0.60359335 0.9699143 0.056274537
 30.749178 1.031 0.6572625 0.6036037 0.9848513 0.053658776
 30.779879 0.813 0.6547881 0.603614 1.1090592 0.051174074
 30.810577 0.885 0.65133077 0.6036241 1.062988 0.047706693
 30.841179 0.969 0.62033564 0.60363406 1.01587 0.016701592
 30.871878 0.573 0.61901224 0.6036439 1.3210604 0.015368358
 30.902578 0.792 0.60365355 0.60365355 1.1236664 0.0
 30.933279 0.75 0.60366315 0.60366315 1.1547005 0.0
 30.963978 0.604 0.60367256 0.60367256 1.2867125 0.0
 30.994577 0.708 0.60368186 0.60368186 1.1884568 0.0
 31.025278 0.792 0.603691 0.603691 1.1236664 0.0
 31.055979 0.646 0.60370004 0.60370004 1.2441815 0.0
 31.086678 0.583 0.6037089 0.6037089 1.3096815 0.0
 31.117378 0.76 0.6037177 0.6037177 1.1470786 0.0
 31.147978 0.604 0.60372627 0.60372627 1.2867125 0.0
 31.178679 0.896 0.6037348 0.6037348 1.0564429 0.0
 31.20938 0.656 0.60374314 0.60374314 1.2346619 0.0
 31.240078 0.687 0.60375136 0.60375136 1.2064842 0.0
 31.270779 0.583 0.6037594 0.6037594 1.3096815 0.0
 31.301378 0.802 0.60376734 0.60376734 1.116639 0.0
 31.332079 0.677 0.60377514 0.60377514 1.2153621 0.0
 31.362778 0.646 0.60378283 0.60378283 1.2441815 0.0
 31.393478 0.573 0.6037904 0.6037904 1.3210604 0.0
 31.424078 0.604 0.6037978 0.6037978 1.2867125 0.0
 31.454779 0.729 0.60380507 0.60380507 1.171214 0.0
 31.485477 0.552 0.60381216 0.60381216 1.3459548 0.0
 31.516178 0.469 0.6038192 0.6038192 1.4602041 0.0
 31.546879 0.625 0.60382605 0.60382605 1.264911 0.0
 31.577478 0.667 0.6038328 0.6038328 1.2244388 0.0
 31.60818 0.656 0.6038394 0.6038394 1.2346619 0.0
 31.638878 0.865 0.60384583 0.60384583 1.0752066 0.0
 31.669579 0.51 0.60385215 0.60385215 1.4002801 0.0
 31.70028 0.635 0.60385835 0.60385835 1.2549117 0.0
 31.730879 0.583 0.6038644 0.6038644 1.3096815 0.0
 31.761578 0.583 0.60387033 0.60387033 1.3096815 0.0
 31.792278 0.667 0.6038761 0.6038761 1.2244388 0.0
 31.822979 0.771 0.6038818 0.6038818 1.1388664 0.0
 31.853678 0.646 0.60388726 0.60388726 1.2441815 0.0
 31.88428 0.708 0.6038926 0.6038926 1.1884568 0.0
 31.914978 0.625 0.60389787 0.60389787 1.264911 0.0
 31.945679 0.823 0.603903 0.603903 1.1023006 0.0
 31.976377 0.49 0.603908 0.603908 1.4285715 0.0
 32.006977 0.76 0.60391283 0.60391283 1.1470786 0.0
 32.037678 0.885 0.60391754 0.60391754 1.062988 0.0
 32.06838 0.667 0.6039221 0.6039221 1.2244388 0.0
 32.09908 0.552 0.60392654 0.60392654 1.3459548 0.0
 32.12978 0.656 0.60393083 0.60393083 1.2346619 0.0
 32.160378 0.708 0.603935 0.603935 1.1884568 0.0
 32.19108 0.771 0.60393906 0.60393906 1.1388664 0.0
 32.22178 0.74 0.60394293 0.60394293 1.1624764 0.0
 32.25248 0.635 0.6039467 0.6039467 1.2549117 0.0
 32.283176 0.76 0.6039503 0.6039503 1.1470786 0.0
 32.313778 0.76 0.6039538 0.6039538 1.1470786 0.0
 32.34448 0.74 0.6039572 0.6039572 1.1624764 0.0
 32.37518 0.698 0.6039604 0.6039604 1.1969397 0.0
 32.40588 0.687 0.6039635 0.6039635 1.2064842 0.0
 32.436577 0.521 0.6039664 0.6039664 1.385419 0.0
 32.46718 0.875 0.6039692 0.6039692 1.069045 0.0
 32.49788 0.708 0.6039748 0.60397196 1.1884568 2.8647594E-6
 32.52858 0.833 0.604053 0.60397446 1.0956643 7.8550634E-5
 32.559277 0.802 0.6060569 0.6039769 1.116639 0.0020800466
 32.589878 0.865 0.6585859 0.6039792 1.0752066 0.054606736
 32.62058 0.74 0.6609178 0.6039813 1.1624764 0.056936502
 32.65128 0.635 0.66435003 0.60398334 1.2549117 0.06036671
 32.68198 0.646 0.6933238 0.6039852 1.2441815 0.089338616
 32.712677 0.729 0.69725543 0.6039869 1.171214 0.0932685
 32.74328 0.74 0.7014357 0.6039885 1.1624764 0.09744715
 32.77398 0.969 0.70591956 0.60399 1.01587 0.10192959
 32.80468 0.802 0.71072006 0.6039913 1.116639 0.106728725
 32.835377 0.646 0.71586776 0.6039925 1.2441815 0.11187523
 32.866077 0.698 0.7213983 0.6039936 1.1969397 0.11740467
 32.89668 0.719 0.72732574 0.60399455 1.1793306 0.12333119
 32.92738 0.833 0.7337372 0.6039953 1.0956643 0.12974186
 32.958076 0.729 0.740662 0.603996 1.171214 0.13666597
 32.988777 0.76 0.74815655 0.6039965 1.1470786 0.14416005
 33.019478 0.792 0.7562871 0.6039969 1.1236664 0.1522902
 33.05008 0.75 0.76509064 0.6039972 1.1547005 0.16109347
 33.08078 0.729 0.77471614 0.6039973 1.171214 0.17071886
 33.111477 0.927 0.7852316 0.60399723 1.0386282 0.18123432
 33.142178 0.844 0.79675275 0.6039971 1.0885009 0.19275562
 33.17278 0.802 0.80935884 0.6039968 1.116639 0.20536202
 33.20348 0.781 0.82329607 0.6039964 1.1315519 0.21929969
 33.234177 0.854 0.8387031 0.60399586 1.0821091 0.23470724
 33.264877 0.948 0.85579455 0.60399514 1.02706 0.25179943
 33.295578 0.969 0.8748298 0.6039943 1.01587 0.27083552
 33.32618 0.823 0.896025 0.60399336 1.1023006 0.29203162
 33.35688 0.948 0.9199017 0.6039923 1.02706 0.31590945
 33.387577 0.937 0.9468348 0.60399103 1.033071 0.34284374
 33.418278 1.146 0.9773703 0.60398966 0.9341308 0.37338066
 33.44898 0.906 1.0121893 0.6039882 1.0505964 0.40820104
 33.47958 0.958 1.0519606 0.60398656 1.0216855 0.447974
 33.510277 0.875 1.0980256 0.6039848 1.069045 0.49404082
 33.540977 0.906 1.1515917 0.60398287 1.0505964 0.5476088
 33.57168 1.115 1.2143842 0.60398084 0.94702744 0.61040336
 33.60238 1.167 1.2886705 0.60397863 0.92568785 0.6846919
 33.632977 1.281 1.3770504 0.60397637 0.8835384 0.77307403
 33.663677 1.187 1.4841717 0.6039739 0.9178562 0.8801979
 33.694378 1.573 1.6152598 0.6039713 0.7973255 1.0112884
 33.72508 1.708 1.7780839 0.6039686 0.7651667 1.1741153
 33.75568 1.969 1.9828578 0.60396576 0.7126514 1.3788921
 33.786377 2.365 2.2474673 0.6039628 0.6502561 1.6435045
 33.817078 2.844 2.596396 0.6039597 0.5929734 1.9924363
 33.84778 3.166 3.069637 0.6039564 0.56201065 2.4656808
 33.87848 4.312 3.7341304 0.603953 0.48157132 3.1301773
 33.909077 5.302 4.7053256 0.6039495 0.43429032 4.101376
 33.939777 6.709 6.2459087 0.60394585 0.38607448 5.641963
 33.970478 9.667 9.107016 0.60394204 0.3216282 8.503073
 34.00118 15.978 15.767442 0.6039381 0.25017205 15.163504
 34.03188 29.852 31.848492 0.60393405 0.18302621 31.244558
 34.062477 62.985 61.441074 0.6039299 0.12600316 60.837143
 34.093178 93.441 89.19243 0.6039255 0.10345018 88.58851
 34.12388 78.929 81.48194 0.60392106 0.112559386 80.87802
 34.15458 64.971 65.511185 0.60391647 0.12406241 64.90727
 34.18528 58.162 56.898605 0.6039117 0.13112344 56.294697
 34.215878 39.737 38.587257 0.60390687 0.15863626 37.983353
 34.24658 20.311 20.877651 0.60390186 0.22188827 20.273748
 34.27728 10.594 11.190268 0.6038967 0.30723453 10.58637
 34.30798 6.854 6.961296 0.60389143 0.38196886 6.3574047
 34.338577 4.156 5.021499 0.603886 0.49052623 4.417613
 34.369278 3.364 3.9113133 0.60388047 0.5452203 3.307433
 34.39998 2.437 3.1828868 0.6038748 0.6405783 2.579012
 34.43068 2.083 2.6730764 0.60386896 0.69287574 2.0692074
 34.46138 1.906 2.3016164 0.603863 0.72433347 1.6977533
 34.491978 1.313 2.0233712 0.6038569 0.87270534 1.4195144
 34.52268 1.521 1.8080077 0.6038507 0.8108404 1.204157
 34.55338 1.302 1.6384106 0.60384434 0.87638414 1.0345663
 34.58408 1.146 1.5024229 0.60383785 0.9341308 0.8985851
 34.614777 1.135 1.3916653 0.60383123 0.9386465 0.7878341
 34.64538 1.354 1.300572 0.6038245 0.85939074 0.69674754
 34.67608 1.323 1.2242124 0.6038176 0.86940086 0.6203948
 34.70678 1.052 1.1597844 0.60381055 0.97497195 0.5559739
 34.73748 1.042 1.1049185 0.6038034 0.9796392 0.5011151
 34.768177 1.052 1.0577984 0.60379606 0.97497195 0.4540023
 34.79878 0.99 1.0171796 0.6037887 1.0050378 0.41339093
 34.82948 0.823 0.98166996 0.6037811 1.1023006 0.3778889
 34.86018 0.729 0.9505525 0.60377336 1.171214 0.34677914
 34.890877 1.146 0.92312515 0.60376555 0.9341308 0.3193596
 34.92148 1.042 0.89891654 0.60375756 0.9796392 0.29515898
 34.95218 0.896 0.8772902 0.60374945 1.0564429 0.27354074
 34.98288 0.938 0.8579578 0.6037412 1.0325203 0.25421658
 35.013577 0.99 0.8406052 0.6037328 1.0050378 0.23687238
 35.044277 0.76 0.8249676 0.6037243 1.1470786 0.22124329
 35.07488 0.792 0.81087935 0.60371566 1.1236664 0.20716368
 35.10558 0.979 0.79805183 0.6037069 1.0106683 0.19434497
 35.13628 0.927 0.78637934 0.60369796 1.0386282 0.18268138
 35.166977 0.833 0.7757268 0.6036889 1.0956643 0.17203788
 35.197678 0.813 0.76597667 0.6036797 1.1090592 0.16229695
 35.22828 0.802 0.7570637 0.6036704 1.116639 0.15339328
 35.25898 0.875 0.7488365 0.60366094 1.069045 0.14517558
 35.289677 0.844 0.7412528 0.60365134 1.0885009 0.13760142
 35.320377 0.854 0.7342468 0.6036416 1.0821091 0.1306052
 35.351078 0.74 0.72776 0.60363173 1.1624764 0.12412828
 35.38168 0.75 0.7217653 0.6036218 1.1547005 0.118143514
 35.412376 0.708 0.7161743 0.60361165 1.1884568 0.112562686
 35.443077 0.635 0.7109696 0.60360134 1.2549117 0.10736828
 35.473778 0.927 0.7061154 0.60359097 1.0386282 0.1025245
 35.50438 0.719 0.7015982 0.6035804 1.1793306 0.09801781
 35.53508 0.802 0.69735545 0.60356975 1.116639 0.09378569
 35.565777 0.719 0.6933247 0.60355896 1.1793306 0.08976577
 35.596478 0.833 0.6878779 0.603548 1.0956643 0.08432991
 35.62718 0.76 0.6332271 0.6035369 1.1470786 0.029690202
 35.65778 0.542 0.6319906 0.6035257 1.3583145 0.028464865
 35.688477 0.604 0.6306306 0.6035144 1.2867125 0.027116243
 35.719177 0.625 0.60420316 0.60350287 1.264911 7.002721E-4
 35.749878 0.74 0.604231 0.60349125 1.1624764 7.3971454E-4
 35.78058 0.719 0.6045724 0.6034795 1.1793306 0.0010929076
 35.81118 0.729 0.60460615 0.60346764 1.171214 0.0011384833
 35.841877 0.74 0.60464275 0.6034556 1.1624764 0.0011871487
 35.872578 0.75 0.60468245 0.60344344 1.1547005 0.0012390043
 35.90328 0.552 0.6047255 0.60343117 1.3459548 0.001294336
 35.93398 0.708 0.6047722 0.6034187 1.1884568 0.0013534745
 35.964577 0.594 0.6048227 0.6034062 1.2974982 0.0014165161
 35.995277 0.646 0.60487777 0.6033935 1.2441815 0.0014843174
 36.025978 0.719 0.60493773 0.6033806 1.1793306 0.00155711
 36.05668 0.583 0.60500306 0.6033677 1.3096815 0.0016354132
 36.087276 0.677 0.60507405 0.6033546 1.2153621 0.0017194491
 36.117977 0.635 0.60515183 0.60334134 1.2549117 0.0018104705
 36.148678 0.646 0.6052369 0.603328 1.2441815 0.0019089209
 36.17938 0.542 0.6053301 0.60331446 1.3583145 0.0020156342
 36.21008 0.583 0.6054324 0.6033008 1.3096815 0.0021315864
 36.240677 0.531 0.60554445 0.6032871 1.3723116 0.002257352
 36.271378 0.667 0.60566825 0.60327315 1.2244388 0.0023951028
 36.30208 0.719 0.605805 0.6032591 1.1793306 0.0025458704
 36.33278 0.51 0.60595626 0.6032449 1.4002801 0.0027113527
 36.36348 0.667 0.60612416 0.6032306 1.2244388 0.0028935699
 36.394077 0.458 0.6063102 0.6032162 1.4776353 0.003094016
 36.424778 0.708 0.60651845 0.60320157 1.1884568 0.003316887
 36.45548 0.792 0.6067516 0.60318685 1.1236664 0.0035647666
 36.48618 0.646 0.6070135 0.603172 1.2441815 0.0038415503
 36.51688 0.677 0.607309 0.603157 1.2153621 0.004151987
 36.547478 0.625 0.6076422 0.6031419 1.264911 0.004500288
 36.57818 0.521 0.6080225 0.60312665 1.385419 0.0048958906
 36.60888 0.573 0.6084576 0.6031112 1.3210604 0.005346367
 36.63958 0.698 0.6089648 0.6030957 1.1969397 0.005869084
 36.670177 0.615 0.6097579 0.6030801 1.2751534 0.0066778148
 36.70088 0.521 0.61043984 0.60306424 1.385419 0.007375564
 36.73158 0.552 0.61124223 0.6030483 1.3459548 0.008193922
 36.76228 0.771 0.6122937 0.60303223 1.1388664 0.009261489
 36.79298 0.573 0.61342454 0.603016 1.3210604 0.010408508
 36.823578 0.677 0.6147817 0.60299975 1.2153621 0.01178195
 36.85428 0.552 0.61644244 0.60298324 1.3459548 0.013459231
 36.88498 0.646 0.6184968 0.6029666 1.2441815 0.015530152
 36.91568 0.5 0.62107915 0.60294986 1.4142135 0.018129284
 36.946377 0.573 0.6243878 0.602933 1.3210604 0.021454798
 36.97698 0.552 0.62870234 0.602916 1.3459548 0.025786344
 37.00768 0.5 0.63452226 0.60289884 1.4142135 0.031623423
 37.03838 0.479 0.6426061 0.60288155 1.4448816 0.039724533
 37.069077 0.76 0.65431696 0.60286415 1.1470786 0.05145286
 37.099777 0.75 0.6724897 0.60284656 1.1547005 0.06964316
 37.13038 0.708 0.704777 0.6028289 1.1884568 0.10194809
 37.16108 0.594 0.7753347 0.6028111 1.2974982 0.17252363
 37.19178 0.802 0.9380532 0.6027931 1.116639 0.3352601
 37.222477 1.25 1.2448729 0.60277504 0.8944272 0.64209795
 37.25308 1.354 1.5873308 0.60275686 0.85939074 0.98457396
 37.28378 1.437 1.5851079 0.60273844 0.83420277 0.9823694
 37.31448 1.063 1.3753731 0.60271996 0.9699143 0.77265316
 37.345177 1.271 1.2879161 0.6027013 0.88700736 0.6852148
 37.375877 0.958 1.1648918 0.60268253 1.0216855 0.56220925
 37.40648 0.792 0.9477321 0.6026637 1.1236664 0.34506842
 37.43718 0.542 0.78926975 0.6026446 1.3583145 0.18662514
 37.467876 0.646 0.70878917 0.6026254 1.2441815 0.10616371
 37.498577 0.646 0.6722295 0.6026061 1.2441815 0.06962341
 37.529278 0.656 0.6535545 0.6025867 1.2346619 0.050967827
 37.55988 0.646 0.6421663 0.60256714 1.2441815 0.039599195
 37.59058 0.583 0.63443124 0.6025474 1.3096815 0.03188381
 37.621277 0.531 0.6289416 0.60252756 1.3723116 0.026414027
 37.651978 0.635 0.62492657 0.6025076 1.2549117 0.02241902
 37.68268 0.542 0.62192863 0.60248744 1.3583145 0.019441195
 37.71328 0.542 0.6196707 0.60246724 1.3583145 0.017203476
 37.743977 0.656 0.61795354 0.60244685 1.2346619 0.015506694
 37.774677 0.5 0.6166662 0.6024263 1.4142135 0.014239885
 37.805378 0.677 0.6157316 0.60240567 1.2153621 0.013325946
 37.83598 0.583 0.61510485 0.6023849 1.3096815 0.012719959
 37.86668 0.76 0.6147588 0.60236394 1.1470786 0.012394824
 37.897377 0.604 0.6146954 0.6023429 1.2867125 0.012352569
 37.928078 0.604 0.61493814 0.6023217 1.2867125 0.012616444
 37.95878 0.615 0.61554 0.60230035 1.2751534 0.013239695
 37.98938 0.646 0.6165926 0.60227895 1.2441815 0.014313658
 38.020077 0.594 0.61826926 0.6022573 1.2974982 0.016011942
 38.050777 0.729 0.6208544 0.60223556 1.171214 0.018618813
 38.08148 0.656 0.6248808 0.6022137 1.2346619 0.02266709
 38.11218 0.5 0.6315476 0.6021917 1.4142135 0.029355895
 38.142776 0.615 0.6442771 0.6021696 1.2751534 0.042107485
 38.173477 0.667 0.6731258 0.6021473 1.2244388 0.07097853
 38.204178 0.698 0.73696077 0.60212487 1.1969397 0.13483588
 38.23488 0.99 0.84591335 0.60210234 1.0050378 0.24381103
 38.26558 0.865 0.9407182 0.60207963 1.0752066 0.33863857
 38.296177 0.969 0.9091359 0.60205686 1.01587 0.30707905
 38.326878 0.802 0.84569937 0.6020339 1.116639 0.24366546
 38.35758 0.854 0.8238421 0.6020108 1.0821091 0.22183132
 38.38828 0.771 0.7785133 0.60198754 1.1388664 0.17652574
 38.418877 0.635 0.7090922 0.6019643 1.2549117 0.1071279
 38.449577 0.698 0.6611388 0.60194075 1.1969397 0.059198
 38.480278 0.656 0.6369381 0.60191715 1.2346619 0.035020966
 38.51098 0.604 0.62565285 0.60189337 1.2867125 0.023759462
 38.54168 0.635 0.619653 0.60186946 1.2549117 0.017783562
 38.572277 0.563 0.615879 0.6018455 1.3327411 0.014033495
 38.602978 0.479 0.6132491 0.6018213 1.4448816 0.011427799
 38.63368 0.687 0.61133057 0.601797 1.2064842 0.009533557
 38.66438 0.625 0.6098806 0.60177255 1.264911 0.008108091
 38.69508 0.719 0.60875297 0.601748 1.1793306 0.0070050335
 38.725677 0.583 0.607858 0.6017233 1.3096815 0.006134657
 38.75638 0.729 0.6071278 0.60169846 1.171214 0.005429324
 38.78708 0.615 0.60652393 0.6016735 1.2751534 0.0048504253
 38.81778 0.552 0.60601616 0.60164833 1.3459548 0.0043678205
 38.848476 0.646 0.60556513 0.6016231 1.2441815 0.003942032
 38.879078 0.625 0.6045747 0.6015978 1.264911 0.0029768725
 38.90978 0.708 0.60427415 0.6015723 1.1884568 0.002701878
 38.94048 0.635 0.60400224 0.6015466 1.2549117 0.002455623
 38.97118 0.656 0.60346 0.6015208 1.2346619 0.001939189
 39.001778 0.667 0.6032669 0.60149497 1.2244388 0.0017719297
 39.03248 0.667 0.60309386 0.60146886 1.2244388 0.001624987
 39.06318 0.51 0.6029383 0.6014427 1.4002801 0.0014956363
 39.09388 0.604 0.6027975 0.60141635 1.2867125 0.0013811695
 39.124577 0.479 0.60266924 0.6013899 1.4448816 0.0012793648
 39.155178 0.437 0.6025521 0.60136336 1.5127226 0.0011887562
 39.18588 0.542 0.6024438 0.6013366 1.3583145 0.0011071899
 39.21658 0.49 0.6023435 0.6013097 1.4285715 0.0010337533
 39.24728 0.833 0.6022501 0.6012827 1.0956643 9.673981E-4
 39.277977 0.677 0.6021628 0.60125554 1.2153621 9.0723E-4
 39.30858 0.688 0.60208106 0.60122836 1.205607 8.527075E-4
 39.33928 0.646 0.60200375 0.60120094 1.2441815 8.0279575E-4
 39.36998 0.698 0.60193056 0.6011734 1.1969397 7.571467E-4
 39.400677 0.427 0.601861 0.6011457 1.5303334 7.1528705E-4
 39.431377 0.51 0.60179466 0.6011179 1.4002801 6.7680137E-4
 39.46198 0.573 0.6017315 0.60109 1.3210604 6.4147013E-4
 39.49268 0.552 0.6016706 0.60106194 1.3459548 6.087275E-4
 39.523376 0.49 0.60161215 0.6010337 1.4285715 5.784311E-4
 39.554077 0.625 0.60155565 0.6010053 1.264911 5.5033783E-4
 39.58468 0.698 0.6015013 0.60097694 1.1969397 5.24338E-4
 39.61538 0.583 0.60144836 0.6009483 1.3096815 5.000575E-4
 39.64608 0.604 0.601397 0.60091954 1.2867125 4.774266E-4
 39.676777 0.656 0.6013469 0.60089064 1.2346619 4.5629867E-4
 39.707478 0.521 0.6012981 0.6008616 1.385419 4.3653982E-4
 39.73808 0.562 0.6012506 0.6008325 1.3339263 4.1810467E-4
 39.76878 0.635 0.601204 0.6008032 1.2549117 4.0075506E-4
 39.799477 0.594 0.6011582 0.60077375 1.2974982 3.8446402E-4
 39.830177 0.625 0.60111314 0.6007442 1.264911 3.6895077E-4
 39.860878 0.552 0.60106254 0.60071445 1.3459548 3.4806458E-4
 39.89148 0.594 0.60080796 0.6006847 1.2974982 1.2327317E-4
 39.92218 0.594 0.6007731 0.6006547 1.2974982 1.1835984E-4
 39.952877 0.552 0.60073525 0.6006246 1.3459548 1.10608744E-4
 39.983578 0.708 0.60059434 0.60059434 1.1884568 0.0
 40.01428 0.688 0.60056394 0.60056394 1.205607 0.0
 40.04488 0.656 0.60053355 0.60053355 1.2346619 0.0
 40.075577 0.615 0.6005029 0.6005029 1.2751534 0.0
 40.106277 0.562 0.6004721 0.6004721 1.3339263 0.0
 40.13698 0.771 0.60044116 0.60044116 1.1388664 0.0
 40.16758 0.583 0.6004102 0.6004102 1.3096815 0.0
 40.198277 0.698 0.600379 0.600379 1.1969397 0.0
 40.228977 0.615 0.6003477 0.6003477 1.2751534 0.0
 40.259678 0.667 0.6003162 0.6003162 1.2244388 0.0
 40.29038 0.698 0.6002846 0.6002846 1.1969397 0.0
 40.32098 0.625 0.6002817 0.600253 1.264911 2.8737866E-5
 40.351677 0.573 0.60120744 0.6002211 1.3210604 9.863189E-4
 40.382378 0.74 0.63308 0.6001891 1.1624764 0.0328909
 40.41308 0.771 0.63426435 0.60015696 1.1388664 0.034107424
 40.44378 0.604 0.6355323 0.60012466 1.2867125 0.03540764
 40.474377 0.667 0.6373385 0.60009235 1.2244388 0.037246164
 40.505077 0.719 0.654911 0.6000598 1.1793306 0.054851152
 40.535778 0.771 0.65702444 0.60002714 1.1388664 0.056997284
 40.56648 0.562 0.6592663 0.5999943 1.3339263 0.05927199
 40.59718 0.844 0.6616476 0.59996134 1.0885009 0.06168626
 40.627777 0.771 0.66416967 0.5999284 1.1388664 0.064241305
 40.658478 0.781 0.66686356 0.5998952 1.1315519 0.06696841
 40.68918 0.583 0.6697349 0.5998618 1.3096815 0.0698731
 40.71988 0.729 0.67280006 0.5998283 1.171214 0.072971776
 40.750477 0.813 0.6760634 0.5997948 1.1090592 0.076268606
 40.781178 0.604 0.67956805 0.599761 1.2867125 0.07980702
 40.81188 0.594 0.6833248 0.59972715 1.2974982 0.08359771
 40.84258 0.698 0.68735844 0.5996931 1.1969397 0.08766533
 40.87328 0.74 0.69169736 0.5996589 1.1624764 0.092038445
 40.903877 0.771 0.6963539 0.59962475 1.1388664 0.09672916
 40.934578 0.771 0.70139694 0.5995903 1.1388664 0.10180667
 40.96528 0.75 0.7068508 0.59955573 1.1547005 0.10729512
 40.99598 0.677 0.7127612 0.59952104 1.2153621 0.11324023
 41.02668 0.719 0.71918166 0.5994862 1.1793306 0.119695485
 41.057278 0.771 0.7261434 0.5994513 1.1388664 0.1266921
 41.08798 0.677 0.7337656 0.5994162 1.2153621 0.13434939
 41.11868 0.615 0.7421043 0.59938097 1.2751534 0.14272335
 41.14938 0.74 0.7512521 0.59934556 1.1624764 0.15190656
 41.180077 0.781 0.76131904 0.59931004 1.1315519 0.16200897
 41.21068 0.604 0.77238595 0.5992745 1.2867125 0.17311142
 41.24138 0.885 0.78468156 0.59923875 1.062988 0.1854428
 41.27208 0.646 0.79834557 0.5992028 1.2441815 0.19914277
 41.30278 0.812 0.81359184 0.59916675 1.1097419 0.21442507
 41.333378 0.781 0.8306026 0.5991307 1.1315519 0.23147193
 41.36408 0.875 0.8498055 0.59909433 1.069045 0.25071114
 41.39478 0.854 0.8715155 0.59905785 1.0821091 0.2724576
 41.42548 0.906 0.8961893 0.59902126 1.0505964 0.29716802
 41.456177 0.781 0.9243981 0.59898454 1.1315519 0.32541358
 41.48678 0.885 0.9567136 0.5989478 1.062988 0.35776582
 41.51748 0.687 0.9942597 0.5989108 1.2064842 0.39534888
 41.54818 1.146 1.0380713 0.5988737 0.9341308 0.43919763
 41.578876 1.125 1.0896268 0.59883636 0.94280905 0.49079043
 41.609577 1.208 1.1508808 0.598799 0.90984315 0.5520818
 41.64018 1.146 1.2241119 0.59876156 0.9341308 0.6253504
 41.67088 1.281 1.3133556 0.5987239 0.8835384 0.71463174
 41.70158 1.219 1.423247 0.5986861 0.90572876 0.8245609
 41.732277 1.552 1.5606939 0.59864813 0.80270165 0.9620457
 41.762978 1.75 1.735787 0.59861004 0.75592893 1.137177
 41.79358 2.188 1.9626007 0.59857196 0.67604613 1.3640288
 41.82428 2.989 2.266103 0.5985336 0.57841164 1.6675694
 41.854977 3.041 2.683582 0.5984951 0.573445 2.0850868
 41.885677 3.937 3.28163 0.5984565 0.50398463 2.6831737
 41.91628 4.854 4.192564 0.5984179 0.4538895 3.594146
 41.94698 7.052 5.775436 0.59837896 0.37656838 5.1770573
 41.97768 10.24 8.984284 0.5983399 0.3125 8.385944
 42.008377 17.072 15.770209 0.59830076 0.24202365 15.171908
 42.039078 29.269 28.100895 0.5982615 0.18484004 27.502634
 42.06968 42.299 43.05217 0.5982222 0.15375702 42.453945
 42.10038 44.48 46.30204 0.5981826 0.14994003 45.703857
 42.131077 35.501 36.900295 0.5981429 0.16783391 36.30215
 42.161777 31.105 31.293777 0.59810305 0.1793019 30.695675
 42.19248 29.248 29.706335 0.5980631 0.1849064 29.108273
 42.22308 21.873 23.049175 0.5980231 0.21381877 22.451153
 42.253777 15.207 14.312522 0.5979829 0.25643554 13.71454
 42.284477 8.771 8.46733 0.5979425 0.33765677 7.869387
 42.315178 6.052 5.401859 0.597902 0.40649062 4.803957
 42.34588 3.677 3.8797028 0.59786135 0.5214986 3.2818415
 42.37648 2.854 3.0406048 0.5978207 0.5919336 2.442784
 42.407177 2.083 2.503038 0.59777975 0.69287574 1.9052582
 42.437878 2.094 2.1291168 0.59773874 0.6910535 1.531378
 42.46858 1.656 1.856534 0.59769756 0.77708733 1.2588364
 42.49918 1.385 1.6520538 0.59765637 0.8497186 1.0543975
 42.529877 1.646 1.4935492 0.5976149 0.7794443 0.8959343
 42.560577 1.104 1.3685362 0.5975733 0.9517337 0.7709629
 42.591278 1.01 1.2681433 0.59753156 0.9950372 0.67061174
 42.62198 1.104 1.1862533 0.5974897 0.9517337 0.58876365
 42.652576 1.052 1.1187991 0.5974479 0.97497195 0.5213513
 42.683277 1.0 1.0621748 0.59740573 1.0 0.4647691
 42.713978 0.896 1.0143311 0.5973635 1.0564429 0.4169676
 42.74468 0.969 0.9735324 0.59732103 1.01587 0.37621132
 42.77538 0.823 0.9384477 0.59727854 1.1023006 0.3411692
 42.805977 0.979 0.9081638 0.597236 1.0106683 0.31092784
 42.836678 1.0 0.881657 0.5971932 1.0 0.28446385
 42.86738 0.896 0.8584013 0.5971502 1.0564429 0.26125106
 42.89808 0.781 0.8378832 0.5971072 1.1315519 0.24077602
 42.92878 0.948 0.81968564 0.59706396 1.02706 0.2226217
 42.959377 0.927 0.8035792 0.59702075 1.0386282 0.20655845
 42.990078 0.854 0.7908435 0.59697723 1.0821091 0.19386621
 43.02078 0.74 0.7778668 0.59693366 1.1624764 0.18093315
 43.05148 0.781 0.766171 0.5968899 1.1315519 0.16928113
 43.082077 0.781 0.7556581 0.59684616 1.1315519 0.15881196
 43.112778 0.906 0.7469553 0.5968021 1.0505964 0.15015313
 43.14348 0.844 0.738259 0.59675795 1.0885009 0.14150104
 43.17418 0.75 0.7303307 0.59671366 1.1547005 0.13361706
 43.20488 0.74 0.72308373 0.59666926 1.1624764 0.12641448
 43.235477 0.938 0.7164696 0.59662485 1.0325203 0.11984478
 43.26618 0.844 0.7103769 0.59658015 1.0885009 0.11379681
 43.29688 0.74 0.7047747 0.5965353 1.1624764 0.108239375
 43.32758 0.729 0.69961464 0.5964903 1.171214 0.10312434
 43.35828 0.74 0.69485414 0.5964452 1.1624764 0.09840889
 43.388878 0.823 0.690473 0.59640014 1.1023006 0.0940729
 43.41958 0.937 0.68640757 0.5963548 1.033071 0.090052806
 43.45028 0.771 0.6826454 0.59630924 1.1388664 0.08633614
 43.48098 0.635 0.67916167 0.59626365 1.2549117 0.08289804
 43.511677 0.917 0.67593396 0.5962179 1.0442761 0.07971611
 43.54228 0.823 0.6729545 0.5961721 1.1023006 0.07678243
 43.57298 0.552 0.670185 0.596126 1.3459548 0.07405899
 43.60368 0.802 0.6676217 0.5960798 1.116639 0.0715418
 43.634377 0.51 0.6652513 0.5960335 1.4002801 0.06921775
 43.664978 0.802 0.66307133 0.59598726 1.116639 0.06708408
 43.69568 0.625 0.66105676 0.59594065 1.264911 0.0651161
 43.72638 0.646 0.6592078 0.5958939 1.2441815 0.06331392
 43.75708 0.552 0.65749186 0.5958471 1.3459548 0.061644807
 43.787777 0.687 0.6550464 0.5958001 1.2064842 0.059246354
 43.81838 0.687 0.6227575 0.59575313 1.2064842 0.027004376
 43.84908 0.74 0.62262315 0.59570587 1.1624764 0.026917303
 43.87978 0.677 0.62257034 0.5956584 1.2153621 0.026911886
 43.910477 0.802 0.62218773 0.5956109 1.116639 0.026576834
 43.941177 0.844 0.6071549 0.59556323 1.0885009 0.011591629
 43.97178 0.844 0.6079722 0.5955156 1.0885009 0.0124566145
 44.00248 0.865 0.60889363 0.5954677 1.0752066 0.013425955
 44.033176 0.844 0.60993284 0.5954196 1.0885009 0.014513251
 44.063877 0.594 0.6111099 0.59537137 1.2974982 0.015738511
 44.094578 0.677 0.61244947 0.595323 1.2153621 0.017126445
 44.12518 0.896 0.6139753 0.59527475 1.0564429 0.018700574
 44.15588 0.719 0.61573565 0.5952261 1.1793306 0.020509532
 44.186577 0.771 0.6177724 0.59517735 1.1388664 0.02259506
 44.217278 0.677 0.6201457 0.5951285 1.2153621 0.0250172
 44.24788 0.677 0.62292016 0.5950796 1.2153621 0.027840553
 44.27858 0.698 0.6262152 0.5950305 1.1969397 0.031184712
 44.309277 0.594 0.63015306 0.5949812 1.2974982 0.035171892
 44.339977 0.75 0.63491046 0.5949318 1.1547005 0.039978664
 44.370678 0.687 0.6407301 0.5948822 1.2064842 0.045847863
 44.40128 0.594 0.6479185 0.59483266 1.2974982 0.053085834
 44.43198 0.667 0.65700895 0.5947828 1.2244388 0.062226117
 44.462677 0.688 0.6686883 0.5947329 1.205607 0.07395539
 44.493378 0.646 0.6840341 0.5946828 1.2441815 0.08935132
 44.52408 1.0 0.70475197 0.59463257 1.0 0.11011939
 44.55468 0.906 0.73355246 0.5945824 1.0505964 0.1389701
 44.585377 0.823 0.7759553 0.5945319 1.1023006 0.18142343
 44.616077 1.063 0.8441029 0.5944812 0.9699143 0.24962167
 44.64678 1.031 0.9699618 0.59443045 0.9848513 0.37553138
 44.67748 1.323 1.2262613 0.59437954 0.86940086 0.6318817
 44.708076 1.906 1.7181282 0.5943287 0.72433347 1.1237994
 44.738777 2.937 2.4761286 0.5942775 0.5835096 1.8818512
 44.769478 3.323 3.0922828 0.5942262 0.5485735 2.4980567
 44.80018 3.073 2.874468 0.59417474 0.5704515 2.2802932
 44.83078 2.385 2.377241 0.5941233 0.6475239 1.7831175
 44.861477 2.406 2.2004006 0.5940716 0.6446919 1.606329
 44.892178 2.208 2.1238015 0.5940198 0.6729774 1.5297818
 44.92288 1.979 1.7416139 0.5939678 0.71084857 1.1476461
 44.95358 1.313 1.3019242 0.59391564 0.87270534 0.7080085
 44.984177 1.063 1.0139341 0.59386355 0.9699143 0.42007062
 45.014877 0.927 0.85844535 0.59381115 1.0386282 0.26463416
 45.045578 0.698 0.77802676 0.59375864 1.1969397 0.18426812
 45.07628 0.698 0.7321732 0.593706 1.1969397 0.1384672
 45.10698 0.823 0.7024565 0.5936532 1.1023006 0.1088033
 45.137577 0.615 0.6816412 0.59360045 1.2751534 0.08804077
 45.168278 0.594 0.6662769 0.59354734 1.2974982 0.072729506
 45.19898 0.719 0.65462595 0.5934942 1.1793306 0.061131794
 45.22968 0.906 0.6455691 0.59344083 1.0505964 0.052128267
 45.26038 0.583 0.63838017 0.59338737 1.3096815 0.044992782
 45.290977 0.615 0.6325929 0.5933339 1.2751534 0.039259005
 45.32168 0.719 0.62782866 0.5932802 1.1793306 0.03454849
 45.35238 0.469 0.62386954 0.5932263 1.4602041 0.030643225
 45.38308 0.646 0.6205403 0.5931723 1.2441815 0.027368011
 45.413677 0.687 0.6177219 0.5931183 1.2064842 0.024603564
 45.444378 0.49 0.6152963 0.59306407 1.4285715 0.02223226
 45.47508 0.625 0.61319923 0.59300965 1.264911 0.020189578
 45.50578 0.552 0.6113723 0.5929551 1.3459548 0.018417208
 45.53648 0.396 0.6097694 0.5929004 1.5891043 0.01686902
 45.567078 0.635 0.60835934 0.59284574 1.2549117 0.015513603
 45.59778 0.615 0.60710263 0.5927908 1.2751534 0.014311831
 45.62848 0.708 0.60598063 0.5927357 1.1884568 0.013244927
 45.65918 0.5 0.60497385 0.59268045 1.4142135 0.012293366
 45.689877 0.604 0.604066 0.59262514 1.2867125 0.011440903
 45.720478 0.573 0.60324687 0.5925698 1.3210604 0.010677057
 45.75118 0.646 0.6024993 0.59251416 1.2441815 0.00998512
 45.78188 0.531 0.6018169 0.5924584 1.3723116 0.009358481
 45.81258 0.646 0.60119164 0.5924025 1.2441815 0.008789149
 45.843277 0.615 0.6006167 0.5923465 1.2751534 0.008270237
 45.87388 0.604 0.60008824 0.59229046 1.2867125 0.0077977288
 45.90458 0.635 0.5995974 0.5922342 1.2549117 0.0073632067
 45.93528 0.635 0.59914184 0.59217775 1.2549117 0.006964074
 45.965977 0.604 0.5987177 0.5921212 1.2867125 0.0065965154
 45.99658 0.573 0.59832317 0.5920646 1.3210604 0.006258561
 46.02728 0.594 0.5979527 0.5920078 1.2974982 0.005944911
 46.05798 0.635 0.5976051 0.59195083 1.2549117 0.005654293
 46.088676 0.531 0.5972782 0.5918937 1.3723116 0.0053845006
 46.119377 0.646 0.59696996 0.59183645 1.2441815 0.005133541
 46.14998 0.812 0.5966798 0.59177923 1.1097419 0.004900585
 46.18068 0.521 0.59640414 0.5917217 1.385419 0.004682415
 46.21138 0.625 0.5961426 0.5916641 1.264911 0.0044785123
 46.242077 0.583 0.5958939 0.59160626 1.3096815 0.0042876545
 46.272778 0.562 0.59565705 0.5915483 1.3339263 0.004108719
 46.30338 0.479 0.59543186 0.5914905 1.4448816 0.0039413706
 46.33408 0.687 0.5952158 0.5914323 1.2064842 0.0037835161
 46.364777 0.708 0.5950089 0.591374 1.1884568 0.0036349671
 46.395477 0.521 0.5948105 0.5913155 1.385419 0.0034950026
 46.426178 0.552 0.5946198 0.59125686 1.3459548 0.0033629495
 46.45678 0.562 0.59443706 0.5911983 1.3339263 0.0032386978
 46.48748 0.573 0.5942603 0.5911395 1.3210604 0.0031208114
 46.518177 0.604 0.5940882 0.5910805 1.2867125 0.0030077386
 46.548878 0.677 0.59387195 0.5910213 1.2153621 0.0028506045
 46.57948 0.531 0.5919807 0.59096223 1.3723116 0.0010184739
 46.61018 0.667 0.5918853 0.5909028 1.2244388 9.824698E-4
 46.640877 0.552 0.59179085 0.59084326 1.3459548 9.475989E-4
 46.671577 0.594 0.59167355 0.5907836 1.2974982 8.8996365E-4
 46.70228 0.698 0.5907238 0.5907238 1.1969397 0.0
 46.73288 0.469 0.590664 0.590664 1.4602041 0.0
 46.763577 0.552 0.59060395 0.59060395 1.3459548 0.0
 46.794277 0.573 0.59054375 0.59054375 1.3210604 0.0
 46.824978 0.698 0.59048337 0.59048337 1.1969397 0.0
 46.85568 0.677 0.59042287 0.59042287 1.2153621 0.0
 46.88628 0.625 0.5903624 0.5903624 1.264911 0.0
 46.916977 0.813 0.5903017 0.5903017 1.1090592 0.0
 46.947678 0.573 0.5902408 0.5902408 1.3210604 0.0
 46.97838 0.625 0.59017974 0.59017974 1.264911 0.0
 47.00908 0.729 0.5901186 0.5901186 1.171214 0.0
 47.039677 0.677 0.5900805 0.5900575 1.2153621 2.30185E-5
 47.070377 0.49 0.5908009 0.58999604 1.4285715 8.0483785E-4
 47.101078 0.625 0.6172515 0.58993447 1.264911 0.027317017
 47.13178 0.531 0.6180985 0.5898728 1.3723116 0.028225733
 47.162376 0.531 0.6189995 0.58981115 1.3723116 0.029188314
 47.193077 0.76 0.62032866 0.58974916 1.1470786 0.030579478
 47.223778 0.656 0.63444734 0.58968705 1.2346619 0.04476027
 47.25448 0.625 0.63594586 0.5896248 1.264911 0.046321016
 47.28518 0.615 0.6375277 0.5895624 1.2751534 0.047965262
 47.315777 0.573 0.63919216 0.5895001 1.3210604 0.049692053
 47.346478 0.5 0.64095795 0.5894375 1.4142135 0.051520452
 47.37718 0.698 0.64282644 0.5893747 1.1969397 0.05345173
 47.40788 0.698 0.64480555 0.5893118 1.1969397 0.055493794
 47.43858 0.625 0.64690447 0.5892487 1.264911 0.057655726
 47.469177 0.625 0.64912355 0.5891857 1.264911 0.0599378
 47.499878 0.646 0.6514894 0.5891224 1.2441815 0.062366985
 47.53058 0.646 0.654006 0.58905894 1.2441815 0.06494703
 47.56128 0.49 0.6566861 0.58899534 1.4285715 0.06769076
 47.59198 0.615 0.6595445 0.5889316 1.2751534 0.07061291
 47.622578 0.635 0.6625846 0.58886796 1.2549117 0.07371662
 47.65328 0.594 0.66584575 0.58880395 1.2974982 0.07704181
 47.68398 0.75 0.66933733 0.5887398 1.1547005 0.08059749
 47.71468 0.75 0.6730818 0.58867556 1.1547005 0.08440625
 47.745277 0.812 0.67708737 0.58861136 1.1097419 0.08847603
 47.775978 0.604 0.68141055 0.5885468 1.2867125 0.09286373
 47.80668 0.76 0.68606865 0.58848214 1.1470786 0.09758653
 47.83738 0.698 0.6910969 0.58841735 1.1969397 0.102679566
 47.86808 0.76 0.6965362 0.5883524 1.1470786 0.10818377
 47.898678 0.625 0.7024077 0.58828753 1.264911 0.11412019
 47.92938 0.677 0.7088057 0.5882223 1.2153621 0.12058338
 47.96008 0.698 0.7157694 0.58815694 1.1969397 0.12761247
 47.99078 0.792 0.7233673 0.5880915 1.1236664 0.1352758
 48.021477 0.656 0.7316797 0.58802587 1.2346619 0.14365384
 48.05208 0.625 0.7407608 0.5879603 1.264911 0.15280052
 48.08278 0.667 0.75078267 0.58789444 1.2244388 0.16288824
 48.11348 0.594 0.76183945 0.5878284 1.2974982 0.17401105
 48.144176 0.896 0.77407825 0.58776224 1.0564429 0.18631603
 48.174877 0.573 0.787676 0.58769596 1.3210604 0.19998004
 48.20548 0.729 0.8027774 0.58762974 1.171214 0.21514766
 48.23618 0.729 0.8197396 0.58756316 1.171214 0.23217642
 48.26688 0.823 0.8388123 0.58749646 1.1023006 0.25131583
 48.297577 0.865 0.8603647 0.58742964 1.0752066 0.27293503
 48.32818 0.635 0.8847422 0.5873629 1.2549117 0.2973793
 48.35888 0.885 0.9126723 0.5872958 1.062988 0.3253765
 48.38958 0.927 0.944764 0.58722854 1.0386282 0.35753548
 48.420277 0.792 0.98188806 0.5871612 1.1236664 0.3947269
 48.450977 1.021 1.0251642 0.58709365 0.9896625 0.4380706
 48.48158 0.979 1.0758135 0.58702624 1.0106683 0.48878726
 48.51228 1.146 1.1360761 0.58695847 0.9341308 0.5491177
 48.54298 1.0 1.2082872 0.5868905 1.0 0.6213967
 48.573677 1.188 1.2958335 0.58682245 0.9174698 0.709011
 48.604378 1.239 1.4034142 0.58675426 0.89838886 0.8166599
 48.63498 1.614 1.53705 0.5866862 0.7871332 0.9503638
 48.66568 1.396 1.7072276 0.58661777 0.8463642 1.1206099
 48.696377 2.0 1.927747 0.58654916 0.70710677 1.3411978
 48.727077 2.104 2.2205691 0.58648044 0.6894093 1.6340888
 48.75778 2.916 2.6214747 0.58641154 0.585607 2.0350633
 48.78838 3.656 3.1918592 0.5863428 0.5229942 2.6055164
 48.819077 4.583 4.0714197 0.58627367 0.46711636 3.485146
 48.849777 6.625 5.587373 0.5862044 0.38851434 5.0011683
 48.880478 9.5 8.477915 0.586135 0.32444283 7.89178
 48.91108 14.417 13.930044 0.5860657 0.2633677 13.343978
 48.94178 24.706 22.931442 0.58599603 0.20118648 22.345446
 48.972477 33.622 33.285667 0.58592623 0.17245995 32.69974
 49.003178 34.872 35.93494 0.58585626 0.16934079 35.349083
 49.03388 27.126 29.23212 0.5857862 0.19200261 28.646336
 49.06448 23.73 23.77174 0.58571625 0.20528212 23.186024
 49.095177 23.675 22.808323 0.58564585 0.20552044 22.222677
 49.125877 21.478 21.823008 0.5855754 0.21577597 21.237432
 49.156578 16.176 16.58539 0.5855048 0.24863625 15.999885
 49.18728 10.999 10.776399 0.585434 0.30152506 10.190965
 49.217876 7.292 6.8686934 0.5853634 0.37031958 6.28333
 49.248577 4.948 4.6512685 0.58529234 0.4495574 4.065976
 49.279278 3.906 3.4499836 0.58522123 0.5059806 2.8647625
 49.30998 2.979 2.7509797 0.58514994 0.57938164 2.1658297
 49.34068 2.156 2.2961533 0.5850785 0.6810447 1.7110747
 49.371277 1.667 1.9764738 0.5850072 0.7745192 1.3914666
 49.401978 1.729 1.7393911 0.5849355 0.76050574 1.1544555
 49.43268 1.656 1.5588658 0.58486366 0.77708733 0.9740021
 49.46338 1.146 1.4195569 0.58479166 0.9341308 0.83476514
 49.493977 1.177 1.3078822 0.58471984 0.9217471 0.72316235
 49.524677 1.083 1.2171696 0.5846476 0.96091676 0.63252205
 49.555378 1.365 1.1427196 0.58457524 0.855921 0.5581444
 49.58608 1.042 1.0815727 0.5845027 0.9796392 0.49706998
 49.61678 1.021 1.0295365 0.58443004 0.9896625 0.44510645
 49.647377 0.792 0.9855203 0.5843575 1.1236664 0.4011628
 49.678078 0.708 0.9476909 0.5842846 1.1884568 0.3634063
 49.70878 0.917 0.91504896 0.5842116 1.0442761 0.3308374
 49.73948 0.802 0.88668513 0.5841384 1.116639 0.30254674
 49.77018 0.833 0.8618782 0.5840651 1.0956643 0.27781314
 49.800777 0.875 0.84013844 0.5839919 1.069045 0.25614655
 49.83148 0.771 0.8208479 0.5839183 1.1388664 0.23692963
 49.86218 0.906 0.80371314 0.58384454 1.0505964 0.21986859
 49.89288 0.823 0.78842676 0.5837707 1.1023006 0.20465602
 49.92358 0.771 0.7747326 0.5836967 1.1388664 0.19103585
 49.954178 0.708 0.7624663 0.5836228 1.1884568 0.17884345
 49.98488 0.865 0.75136244 0.5835486 1.0752066 0.16781387
 50.01558 0.812 0.7413174 0.58347416 1.1097419 0.15784323
 50.04628 0.958 0.73220366 0.58339965 1.0216855 0.14880404
 50.076878 0.719 0.7239457 0.5833252 1.1793306 0.14062047
 50.10758 0.677 0.7163921 0.5832504 1.2153621 0.13314168
 50.13828 0.823 0.7094949 0.5831755 1.1023006 0.12631936
 50.16898 0.729 0.7031865 0.58310044 1.171214 0.1200861
 50.199677 0.802 0.69741243 0.5830252 1.116639 0.11438718
 50.230278 0.802 0.6922849 0.5829501 1.116639 0.10933472
 50.26098 0.677 0.6874284 0.58287466 1.2153621 0.10455375
 50.29168 0.594 0.68297195 0.5827991 1.2974982 0.100172885
 50.32238 0.708 0.67888516 0.5827233 1.1884568 0.09616186
 50.353077 0.573 0.67520934 0.58264744 1.3210604 0.092561916
 50.38368 0.771 0.67179 0.5825717 1.1388664 0.08921833
 50.41438 0.719 0.6686542 0.5824955 1.1793306 0.08615869
 50.44508 0.583 0.6657978 0.5824192 1.3096815 0.083378635
 50.475777 0.719 0.6632075 0.5823428 1.1793306 0.08086469
 50.506477 0.677 0.6608724 0.5822663 1.2153621 0.07860612
 50.53708 0.792 0.65879303 0.5821898 1.1236664 0.076603234
 50.56778 0.833 0.65695024 0.58211297 1.0956643 0.074837275
 50.598476 0.729 0.65535086 0.582036 1.171214 0.07331482
 50.629177 0.698 0.6539973 0.58195895 1.1969397 0.07203839
 50.65978 0.646 0.6529003 0.58188194 1.2441815 0.071018346
 50.69048 0.625 0.65206313 0.5818046 1.264911 0.07025854
 50.72118 0.792 0.6515069 0.5817271 1.1236664 0.069779836
 50.751877 0.729 0.6512552 0.5816495 1.171214 0.06960575
 50.782578 0.771 0.65133995 0.5815717 1.1388664 0.06976827
 50.81318 0.74 0.65180117 0.58149403 1.1624764 0.07030713
 50.84388 0.844 0.6526727 0.581416 1.0885009 0.07125671
 50.874577 0.635 0.6532664 0.5813378 1.2549117 0.07192856
 50.905277 0.594 0.6294877 0.5812595 1.2974982 0.0482282
 50.935978 0.75 0.63307923 0.58118105 1.1547005 0.05189815
 50.96658 0.656 0.63752425 0.5811027 1.2346619 0.056421507
 50.99728 0.729 0.6427226 0.58102405 1.171214 0.061698567
 51.027977 0.74 0.63685596 0.5809452 1.1624764 0.05591078
 51.058678 0.74 0.646371 0.5808662 1.1624764 0.0655048
 51.08938 0.74 0.6586133 0.58078706 1.1624764 0.07782626
 51.11998 0.802 0.67465025 0.5807081 1.116639 0.093942165
 51.150677 1.042 0.69640565 0.5806287 0.9796392 0.11577694
 51.181377 0.969 0.7269804 0.5805492 1.01587 0.14643118
 51.21208 0.906 0.77279335 0.5804695 1.0505964 0.19232383
 51.24268 0.729 0.84854496 0.58039 1.171214 0.26815498
 51.273376 1.104 0.9890716 0.58031005 0.9517337 0.40876156
 51.304077 1.375 1.2554338 0.58023 0.8528029 0.6752038
 51.334778 1.896 1.7121801 0.58014977 0.7262411 1.1320304
 51.36548 2.406 2.319837 0.5800695 0.6446919 1.7397677
 51.39608 2.375 2.6926672 0.57998925 0.64888567 2.1126778
 51.426777 2.416 2.4413986 0.57990867 0.64335626 1.8614899
 51.457478 1.948 2.0291457 0.5798279 0.7164824 1.4493177
 51.48818 1.771 1.8624274 0.579747 0.7514338 1.2826803
 51.51888 1.948 1.8752272 0.579666 0.7164824 1.2955612
 51.549477 1.708 1.7332914 0.57958513 0.7651667 1.1537062
 51.580177 1.26 1.3926289 0.5795039 0.8908708 0.813125
 51.610878 1.073 1.0921345 0.5794225 0.96538407 0.512712
 51.64158 0.792 0.9018402 0.5793409 1.1236664 0.32249933
 51.67228 0.833 0.79581827 0.5792592 1.0956643 0.21655904
 51.702877 0.625 0.7375022 0.5791777 1.264911 0.15832457
 51.733578 0.729 0.7023215 0.5790957 1.171214 0.12322581
 51.76428 0.521 0.6789413 0.57901365 1.385419 0.09992766
 51.79498 0.885 0.66237736 0.5789314 1.062988 0.083445966
 51.825577 0.635 0.6503206 0.5788493 1.2549117 0.071471296
 51.856277 0.531 0.64139265 0.5787668 1.3723116 0.06262582
 51.88698 0.573 0.6348809 0.5786842 1.3210604 0.056196686
 51.91768 0.615 0.63035953 0.5786014 1.2751534 0.051758092
 51.94838 0.646 0.62766886 0.5785185 1.2441815 0.049150363
 51.978977 0.531 0.6269591 0.5784358 1.3723116 0.048523296
 52.009678 0.521 0.62896186 0.5783526 1.385419 0.050609246
 52.04038 0.698 0.6357603 0.5782693 1.1969397 0.057491023
 52.07108 0.698 0.65182567 0.57818586 1.1969397 0.073639795
 52.10178 0.74 0.68369216 0.5781023 1.1624764 0.10558985
 52.132378 0.75 0.73446274 0.57801884 1.1547005 0.15644391
 52.16308 0.75 0.7879098 0.577935 1.1547005 0.20997484
 52.19378 0.75 0.79418766 0.577851 1.1547005 0.21633662
 52.22448 0.833 0.7532249 0.5777669 1.0956643 0.17545801
 52.255177 0.583 0.72064435 0.5776827 1.3096815 0.14296173
 52.285778 0.813 0.71386063 0.5775986 1.1090592 0.1362621
 52.31648 0.719 0.71268076 0.57751405 1.1793306 0.13516675
 52.34718 0.646 0.68859637 0.57742935 1.2441815 0.11116699
 52.37788 0.573 0.6544481 0.5773446 1.3210604 0.0771035
 52.408478 0.51 0.6286823 0.57725996 1.4002801 0.051422354
 52.43918 0.625 0.6129479 0.5771749 1.264911 0.035772976
 52.46988 0.677 0.60403913 0.57708967 1.2153621 0.026949415
 52.50058 0.76 0.59876585 0.5770044 1.1470786 0.021761477
 52.531277 0.615 0.5952784 0.5769189 1.2751534 0.018359497
 52.56188 0.615 0.5927474 0.5768336 1.2751534 0.015913788
 52.59258 0.615 0.5907856 0.57674783 1.2751534 0.014037752
 52.62328 0.49 0.58921456 0.576662 1.4285715 0.0125526115
 52.653976 0.635 0.587922 0.576576 1.2549117 0.011345981
 52.684677 0.615 0.5868346 0.5764898 1.2751534 0.010344793
 52.71528 0.521 0.58590657 0.57640386 1.385419 0.009502706
 52.74598 0.437 0.5850963 0.5763174 1.5127226 0.008778882
 52.77668 0.625 0.5843823 0.5762309 1.264911 0.008151434
 52.807377 0.625 0.583746 0.5761442 1.264911 0.007601805
 52.838078 0.594 0.5831733 0.5760574 1.2974982 0.007115901
 52.86868 0.625 0.5826553 0.5759707 1.264911 0.0066845994
 52.89938 0.677 0.58217996 0.5758836 1.2153621 0.0062963343
 52.930077 0.687 0.58174247 0.5757964 1.2064842 0.005946009
 52.960777 0.458 0.5813373 0.5757091 1.4776353 0.0056281746
 52.99138 0.625 0.5809614 0.5756219 1.264911 0.0053395573
 53.02208 0.531 0.58060867 0.5755342 1.3723116 0.005074438
 53.05278 0.583 0.5802774 0.5754465 1.3096815 0.004830873
 53.083477 0.656 0.57996494 0.5753586 1.2346619 0.004606335
 53.114178 0.708 0.57966965 0.5752706 1.1884568 0.0043990756
 53.14478 0.531 0.5794024 0.5751827 1.3723116 0.0042197206
 53.17548 0.75 0.57950807 0.5750944 1.1547005 0.0044136387
 53.206177 0.49 0.59030944 0.57500595 1.4285715 0.015303482
 53.236877 0.729 0.590419 0.5749174 1.171214 0.015501603
 53.26758 0.531 0.5905553 0.5748287 1.3723116 0.01572659
 53.29818 0.521 0.59072196 0.5747402 1.385419 0.01598185
 53.328876 0.615 0.59104764 0.5746512 1.2751534 0.01639646
 53.359577 0.562 0.59527296 0.5745621 1.3339263 0.020710923
 53.390278 0.646 0.59574383 0.57447284 1.2441815 0.021271018
 53.42098 0.531 0.59625024 0.57438344 1.3723116 0.02186679
 53.45158 0.99 0.59679085 0.5742942 1.0050378 0.022496605
 53.482277 0.708 0.597348 0.57420456 1.1884568 0.023143407
 53.512978 0.698 0.59722894 0.5741148 1.1969397 0.023114143
 53.54368 0.448 0.5979201 0.57402486 1.4940357 0.023895252
 53.57428 0.552 0.598654 0.5739351 1.3459548 0.024718871
 53.604977 0.521 0.599439 0.5738449 1.385419 0.025594117
 53.635677 0.635 0.6002762 0.5737546 1.2549117 0.026521599
 53.666378 0.635 0.6011693 0.5736641 1.2549117 0.02750513
 53.69708 0.615 0.60212266 0.5735735 1.2751534 0.028549127
 53.72768 0.49 0.60313684 0.5734831 1.4285715 0.029653702
 53.758377 0.646 0.60422426 0.5733923 1.2441815 0.03083204
 53.789078 0.604 0.6053873 0.57330126 1.2867125 0.03208603
 53.81978 0.583 0.6066321 0.5732101 1.3096815 0.033421997
 53.85048 0.677 0.6079661 0.57311887 1.2153621 0.034847267
 53.881077 0.594 0.60939115 0.57302773 1.2974982 0.036363404
 53.911777 0.677 0.6109264 0.57293624 1.2153621 0.037990168
 53.94248 0.552 0.6125766 0.57284456 1.3459548 0.039732087
 53.97318 0.677 0.6143528 0.5727527 1.2153621 0.041600104
 54.00388 0.521 0.6162677 0.5726608 1.385419 0.043606903
 54.034477 0.677 0.6183264 0.572569 1.2153621 0.045757405
 54.065178 0.458 0.62055963 0.5724768 1.4776353 0.04808285
 54.09588 0.625 0.62297785 0.5723845 1.264911 0.050593425
 54.12658 0.719 0.6255969 0.572292 1.1793306 0.053304933
 54.157177 0.677 0.62829125 0.57219964 1.2153621 0.0560916
 54.187878 0.656 0.6314006 0.5721069 1.2346619 0.05929369
 54.21858 0.594 0.63479376 0.57201403 1.2974982 0.06277974
 54.24928 0.771 0.63850534 0.571921 1.1388664 0.06658434
 54.27998 0.708 0.6425739 0.5718278 1.1884568 0.07074609
 54.310577 0.531 0.64696044 0.57173485 1.3723116 0.07522562
 54.341278 0.635 0.6518955 0.5716414 1.2549117 0.08025413
 54.37198 0.667 0.6573535 0.57154787 1.2244388 0.085805684
 54.40268 0.563 0.6634099 0.57145417 1.3327411 0.09195575
 54.43338 0.729 0.67015564 0.5713603 1.171214 0.098795295
 54.463978 0.917 0.67766595 0.57126665 1.0442761 0.10639929
 54.49468 0.552 0.6861239 0.57117254 1.3459548 0.11495135
 54.52538 0.667 0.6956597 0.5710783 1.2244388 0.1245814
 54.55608 0.698 0.7064633 0.57098395 1.1969397 0.13547933
 54.586777 0.813 0.71877086 0.5708894 1.1090592 0.14788142
 54.61738 0.74 0.73281276 0.5707951 1.1624764 0.16201764
 54.64808 0.844 0.74905396 0.57070035 1.0885009 0.17835365
 54.67878 0.656 0.7679089 0.5706054 1.2346619 0.19730344
 54.709476 0.729 0.7899733 0.5705104 1.171214 0.21946293
 54.740078 0.844 0.81590384 0.5704155 1.0885009 0.24548836
 54.77078 0.99 0.84689945 0.5703202 1.0050378 0.27657926
 54.80148 0.917 0.8842316 0.5702247 1.0442761 0.31400687
 54.83218 0.99 0.9297529 0.57012916 1.0050378 0.35962373
 54.862877 0.969 0.98605704 0.57003343 1.01587 0.4160236
 54.89348 0.99 1.0565132 0.5699379 1.0050378 0.48657537
 54.92418 1.292 1.1470059 0.56984186 0.8797692 0.577164
 54.95488 1.281 1.2654595 0.5697457 0.8835384 0.6957138
 54.985577 1.708 1.4248544 0.56964946 0.7651667 0.855205
 55.016277 1.906 1.6480834 0.5695531 0.72433347 1.0785303
 55.04688 2.51 1.9809003 0.5694569 0.6311944 1.4114435
 55.07758 2.938 2.5363927 0.5693602 0.5834103 1.9670326
 55.10828 4.531 3.559154 0.5692634 0.46978915 2.9898908
 55.138977 5.645 5.469385 0.5691665 0.42088944 4.900219
 55.169678 8.697 8.692819 0.5690694 0.33909023 8.123749
 55.20028 12.801 12.97737 0.56897247 0.2794976 12.408398
 55.23098 15.749 16.00391 0.56887513 0.25198433 15.435035
 55.261677 13.927 14.710688 0.5687777 0.26796076 14.14191
 55.292377 11.344 11.51948 0.56868005 0.29690456 10.9508
 55.32298 9.636 9.731429 0.56858265 0.32214516 9.162847
 55.35368 9.239 9.700788 0.5684847 0.32899365 9.132303
 55.384377 9.905 9.699089 0.56838673 0.31774065 9.130703
 55.415077 8.041 7.9282985 0.56828856 0.35265088 7.36001
 55.445778 5.729 5.5058002 0.5681903 0.41779244 4.9376097
 55.47638 3.823 3.678742 0.56809217 0.51144373 3.1106498
 55.50708 2.583 2.564081 0.56799364 0.62221116 1.9960872
 55.537777 1.989 1.9449385 0.56789494 0.70905936 1.3770436
 55.568478 1.542 1.5936309 0.5677961 0.80530024 1.0258348
 55.59918 1.531 1.3737323 0.56769717 0.808188 0.8060351
 55.62978 0.958 1.2224581 0.5675984 1.0216855 0.6548597
 55.660477 1.01 1.1110344 0.56749916 0.9950372 0.5435353
 55.691177 0.969 1.0263107 0.5673998 1.01587 0.45891097
 55.721878 1.073 0.96024454 0.56730026 0.96538407 0.39294428
 55.75258 0.917 0.90766406 0.56720066 1.0442761 0.34046343
 55.783176 0.885 0.8652498 0.5671012 1.062988 0.2981486
 55.813877 0.771 0.8302755 0.5670013 1.1388664 0.26327416
 55.844578 0.875 0.8011792 0.56690127 1.069045 0.2342779
 55.87528 0.75 0.7766966 0.5668011 1.1547005 0.20989555
 55.90588 0.833 0.75596946 0.56670105 1.0956643 0.18926841
 55.936577 0.542 0.7381373 0.5666006 1.3583145 0.17153667
 55.967278 0.76 0.72273386 0.56650007 1.1470786 0.15623379
 55.99798 0.698 0.7093341 0.56639934 1.1969397 0.14293472
 56.02868 0.708 0.69760543 0.5662985 1.1884568 0.13130696
 56.059277 0.604 0.687445 0.5661978 1.2867125 0.121247165
 56.089977 0.781 0.681858 0.5660967 1.1315519 0.115761325
 56.120678 0.698 0.673833 0.56599545 1.1969397 0.10783757
 56.15138 0.667 0.66668075 0.56589407 1.2244388 0.100786716
 56.18208 0.75 0.66028196 0.5657925 1.1547005 0.09448941
 56.212677 0.51 0.65456283 0.5656912 1.4002801 0.08887162
 56.243378 0.656 0.6494635 0.56558937 1.2346619 0.083874084
 56.27408 0.635 0.64661556 0.56548744 1.2549117 0.08112813
 56.30478 0.677 0.6424565 0.5653854 1.2153621 0.07707107
 56.33548 0.719 0.63869673 0.5652832 1.1793306 0.07341355
 56.366077 0.635 0.6353076 0.5651812 1.2549117 0.070126444
 56.39678 0.573 0.6322286 0.56507874 1.3210604 0.0671499
 56.42748 0.583 0.6294418 0.5649761 1.3096815 0.064465694
 56.45818 0.687 0.6269208 0.5648734 1.2064842 0.06204744
 56.488777 0.792 0.6246523 0.5647708 1.1236664 0.059881527
 56.519478 0.542 0.6226012 0.5646678 1.3583145 0.057933364
 56.55018 0.802 0.6207601 0.56456465 1.116639 0.056195427
 56.58088 0.594 0.6191161 0.5644614 1.2974982 0.054654766
 56.61158 0.604 0.6176587 0.564358 1.2867125 0.05330072
 56.642178 0.51 0.61638445 0.56425476 1.4002801 0.05212968
 56.67288 0.625 0.61527824 0.56415105 1.264911 0.05112719
 56.70358 0.708 0.6143414 0.5640472 1.1884568 0.05029415
 56.73428 0.604 0.6135726 0.56394327 1.2867125 0.04962931
 56.764977 0.594 0.61297303 0.5638392 1.2974982 0.04913383
 56.795578 0.49 0.61254805 0.5637353 1.4285715 0.048812754
 56.82628 0.562 0.61230177 0.56363094 1.3339263 0.04867081
 56.85698 0.646 0.61224675 0.56352645 1.2441815 0.04872033
 56.88768 0.583 0.6123986 0.56342185 1.3096815 0.048976824
 56.918377 0.615 0.6127788 0.56331706 1.2751534 0.04946175
 56.94898 0.531 0.61341304 0.5632125 1.3723116 0.050200544
 56.97968 0.698 0.61434484 0.56310743 1.1969397 0.051237375
 57.01038 0.719 0.61562496 0.5630023 1.1793306 0.052622657
 57.041077 0.521 0.6173256 0.56289697 1.385419 0.054428604
 57.07168 0.573 0.61953616 0.5627919 1.3210604 0.05674427
 57.10238 0.667 0.6224126 0.5626863 1.2244388 0.059726316
 57.13308 0.521 0.62615025 0.5625806 1.385419 0.06356967
 57.16378 0.677 0.6310502 0.5624747 1.2153621 0.06857549
 57.194477 0.531 0.63758296 0.56236875 1.3723116 0.07521417
 57.22508 0.594 0.64649266 0.562263 1.2974982 0.084229656
 57.25578 0.646 0.65904266 0.56215674 1.2441815 0.0968859
 57.28648 0.552 0.66899437 0.56205034 1.3459548 0.106944
 57.317177 0.771 0.7059629 0.5619438 1.1388664 0.14401907
 57.347878 0.646 0.773854 0.5618372 1.2441815 0.21201682
 57.37848 0.938 0.8897084 0.56173074 1.0325203 0.32797766
 57.40918 0.906 1.0556159 0.5616238 1.0505964 0.49399212
 57.439877 1.135 1.2046016 0.56151676 0.9386465 0.64308494
 57.470577 0.979 1.2125025 0.56140953 1.0106683 0.65109295
 57.501278 0.844 1.0925099 0.5613022 1.0885009 0.5312077
 57.53188 0.979 0.9942641 0.5611951 1.0106683 0.43306902
 57.56258 0.979 0.97193825 0.5610875 1.0106683 0.41085073
 57.593277 0.927 0.99363536 0.5609798 1.0386282 0.43265557
 57.623978 0.854 0.97320056 0.5608719 1.0821091 0.41232866
 57.65458 0.719 0.8914306 0.56076425 1.1793306 0.3306664
 57.68528 0.74 0.81077605 0.5606561 1.1624764 0.25011998
 57.715977 0.844 0.75978607 0.5605478 1.0885009 0.19923826
 57.746677 0.75 0.7363655 0.5604394 1.1547005 0.17592607
 57.777378 0.615 0.73167974 0.56033087 1.2751534 0.17134888
 57.80798 0.74 0.7388666 0.5602225 1.1624764 0.1786441
 57.838676 0.917 0.7550105 0.5601137 1.0442761 0.19489679
 57.869377 0.823 0.78001195 0.5600048 1.1023006 0.22000717
 57.900078 0.917 0.8157451 0.5598957 1.0442761 0.25584945
 57.93078 0.969 0.8661469 0.55978644 1.01587 0.30636048
 57.96138 0.927 0.9384696 0.5596775 1.0386282 0.37879214
 57.992077 0.979 1.0497257 0.559568 1.0106683 0.4901577
 58.022778 1.604 1.2385694 0.5594583 0.789583 0.67911106
 58.05348 1.635 1.5879847 0.5593486 0.7820619 1.0286361
 58.08418 2.5 2.2321827 0.5592387 0.6324555 1.6729442
 58.114777 3.229 3.2893713 0.559129 0.55650103 2.7302423
 58.145477 4.698 4.6735106 0.55901885 0.46136376 4.114492
 58.176178 5.364 5.6511254 0.5589085 0.43177313 5.092217
 58.20688 5.27 5.273934 0.5587981 0.43560684 4.715136
 58.23748 4.0 4.2177405 0.55868787 0.5 3.6590528
 58.268177 3.604 3.5364163 0.5585772 0.5267537 2.977839
 58.298878 3.74 3.4564826 0.5584663 0.5170877 2.8980165
 58.32958 3.458 3.5838668 0.5583554 0.53775877 3.0255115
 58.36028 2.844 3.239074 0.5582442 0.5929734 2.6808295
 58.390877 2.625 2.48152 0.55813336 0.6172134 1.9233866
 58.421577 1.937 1.7982045 0.55802196 0.7185139 1.2401825
 58.45228 1.448 1.3460552 0.55791044 0.8310281 0.7881447
 58.48298 1.135 1.0850784 0.5577988 0.9386465 0.5272795
 58.51368 1.063 0.9393646 0.55768704 0.9699143 0.38167757
 58.544277 0.906 0.8527445 0.55757546 1.0505964 0.29516906
 58.574978 0.76 0.79508567 0.5574634 1.1470786 0.23762223
 58.60568 0.875 0.75365573 0.55735123 1.069045 0.19630452
 58.63638 0.813 0.722454 0.5572389 1.1090592 0.16521512
 58.66708 0.74 0.6982518 0.55712646 1.1624764 0.14112535
 58.697678 0.781 0.67913127 0.5570142 1.1315519 0.122117035
 58.72838 0.823 0.6636339 0.55690145 1.1023006 0.10673238
 58.75908 0.51 0.6509257 0.5567886 1.4002801 0.09413708
 58.78978 0.479 0.6403608 0.5566756 1.4448816 0.08368516
 58.820377 0.594 0.63150704 0.55656284 1.2974982 0.074944206
 58.851078 0.656 0.6239734 0.5564496 1.2346619 0.06752383
 58.88178 0.615 0.61797774 0.55633616 1.2751534 0.06164157
 58.91248 0.646 0.6234389 0.5562226 1.2441815 0.06721628
 58.94318 0.646 0.618892 0.55610895 1.2441815 0.06278303
 58.973778 0.625 0.61497283 0.5559955 1.264911 0.058977317
 59.00448 0.656 0.61156636 0.55588156 1.2346619 0.05568477
 59.03518 0.542 0.60883033 0.5557675 1.3583145 0.053062823
 59.06588 0.562 0.6116637 0.5556533 1.3339263 0.056010425
 59.096577 0.615 0.60955966 0.5555389 1.2751534 0.054020744
 59.12718 0.708 0.60775596 0.5554248 1.1884568 0.052331135
 59.15788 0.635 0.6062055 0.5553102 1.2549117 0.050895363
 59.18858 0.646 0.6048876 0.55519545 1.2441815 0.04969216
 59.219276 0.615 0.6037791 0.55508053 1.2751534 0.048698563
 59.249977 0.49 0.602861 0.5549655 1.4285715 0.0478955
 59.28058 0.667 0.6021204 0.5548507 1.2244388 0.04726968
 59.31128 0.531 0.60153913 0.5547354 1.3723116 0.046803683
 59.34198 0.521 0.6011096 0.55461997 1.385419 0.04648964
 59.372677 0.635 0.6008237 0.55450445 1.2549117 0.046319246
 59.40328 0.552 0.60067505 0.5543891 1.3459548 0.04628595
 59.43398 0.677 0.6006579 0.55427325 1.2153621 0.046384625
 59.46468 0.698 0.60076946 0.5541573 1.1969397 0.04661218
 59.495377 0.635 0.601007 0.5540412 1.2549117 0.046965763
 59.526077 0.615 0.60135186 0.553925 1.2751534 0.047426894
 59.55668 0.583 0.601416 0.5538089 1.3096815 0.04760706
 59.58738 0.625 0.6020469 0.55369246 1.264911 0.048354436
 59.61808 0.594 0.6028079 0.5535758 1.2974982 0.049232107
 59.648777 0.646 0.6037027 0.553459 1.2441815 0.0502437
 59.679478 0.677 0.60472786 0.5533421 1.2153621 0.051385768
 59.71008 0.542 0.6056922 0.55322546 1.3583145 0.052466765
 59.74078 0.708 0.60703254 0.5531083 1.1884568 0.0539243
 59.771477 0.698 0.60853595 0.5529909 1.1969397 0.05554504
 59.802177 0.531 0.61021364 0.5528735 1.3723116 0.057340197
 59.83288 0.458 0.6120791 0.5527559 1.4776353 0.059323233
 59.86348 0.656 0.61413854 0.55263853 1.2346619 0.061500005
 59.894176 0.688 0.6164248 0.5525207 1.205607 0.06390412
 59.924877 0.49 0.6189511 0.5524027 1.4285715 0.06654841
 59.955578 0.51 0.6217414 0.55228454 1.4002801 0.069456875
 59.98618 0.437 0.6248096 0.55216664 1.5127226 0.07264295
 60.01688 0.615 0.6282097 0.55204827 1.2751534 0.07616143
 60.047577 0.812 0.63196737 0.5519297 1.1097419 0.08003763
 60.078278 0.792 0.63612485 0.55181104 1.1236664 0.08431382
 60.10898 0.521 0.64073247 0.55169225 1.385419 0.089040235
 60.13958 0.542 0.6458259 0.5515737 1.3583145 0.094252236
 60.170277 0.552 0.6515107 0.5514546 1.3459548 0.10005611
 60.200977 0.594 0.65784913 0.5513354 1.2974982 0.106513724
 60.231678 0.542 0.66492933 0.55121607 1.3583145 0.11371329
 60.26238 0.656 0.6727161 0.5510966 1.2346619 0.12161947
 60.29298 0.458 0.6781828 0.55097735 1.4776353 0.12720542
 60.323677 0.646 0.6883965 0.5508576 1.2441815 0.1375389
 60.354378 0.594 0.6999718 0.55073774 1.2974982 0.14923409
 60.38508 0.656 0.7131538 0.5506177 1.2346619 0.16253607
 60.41578 0.771 0.728178 0.55049753 1.1388664 0.17768046
 60.446377 0.75 0.74379396 0.55037767 1.1547005 0.19341628
 60.477077 0.635 0.7640349 0.5502572 1.2549117 0.2137777
 60.50778 0.792 0.78769 0.5501367 1.1236664 0.23755333
 60.53848 0.635 0.81557715 0.550016 1.2549117 0.26556116
 60.569077 0.698 0.84861845 0.5498955 1.1969397 0.2987229
 60.599777 0.865 0.8884822 0.5497746 1.0752066 0.33870763
 60.630478 0.802 0.93700093 0.5496535 1.116639 0.38734746
 60.66118 0.688 0.9968733 0.54953223 1.205607 0.4473411
 60.69188 0.917 1.0719501 0.5494109 1.0442761 0.5225392
 60.722477 1.062 1.1673911 0.54928976 0.9703708 0.61810124
 60.753178 0.99 1.2923429 0.5491681 1.0050378 0.74317473
 60.78388 1.25 1.4601977 0.54904634 0.8944272 0.9111514
 60.81458 1.604 1.6961901 0.54892445 0.789583 1.1472657
 60.84528 2.125 2.055092 0.5488024 0.6859943 1.5062896
 60.875877 3.01 2.6600335 0.5486806 0.57639045 2.111353
 60.906578 3.312 3.7734406 0.5485583 0.5494837 3.2248824
 60.93728 5.156 5.79165 0.5484358 0.4403962 5.2432137
 60.96798 7.313 9.052686 0.54831326 0.36978748 8.504373
 60.99868 11.875 13.247523 0.54819053 0.2901905 12.699332
 61.029278 17.217 16.284647 0.54806805 0.24100234 15.73658
 61.05998 17.624 15.375143 0.5479451 0.23820329 14.827198
 61.09068 12.926 12.111321 0.54782194 0.27814287 11.563499
 61.12138 8.886 9.722143 0.5476987 0.33546472 9.174445
 61.151978 8.365 9.169654 0.5475757 0.34575385 8.622078
 61.18268 9.926 9.71232 0.54745215 0.31740433 9.164868
 61.21338 10.812 9.419679 0.54732853 0.3041214 8.872351
 61.24408 8.718 7.4503427 0.54720473 0.33868158 6.9031377
 61.274776 6.031 5.179737 0.54708076 0.4071977 4.632656
 61.305378 3.458 3.505131 0.54695714 0.53775877 2.9581738
 61.33608 2.542 2.4728746 0.5468329 0.62720895 1.9260417
 61.36678 2.083 1.8906159 0.5467086 0.69287574 1.3439074
 61.39748 1.562 1.556991 0.54658407 0.80012804 1.010407
 61.428177 1.26 1.3472611 0.5464595 0.8908708 0.80080163
 61.45878 1.052 1.2022879 0.54633516 0.97497195 0.6559528
 61.48948 1.177 1.0946722 0.5462102 0.9217471 0.548462
 61.52018 0.781 1.0121374 0.54608524 1.1315519 0.46605214
 61.550877 0.896 0.94726217 0.54596007 1.0564429 0.4013021
 61.581577 0.677 0.8952668 0.5458348 1.2153621 0.349432
 61.61218 0.719 0.8530992 0.5457098 1.1793306 0.30738944
 61.64288 0.719 0.8181127 0.54558426 1.1793306 0.27252844
 61.67358 0.865 0.78886485 0.54545856 1.0752066 0.2434063
 61.704277 0.708 0.76414776 0.54533273 1.1884568 0.21881501
 61.73488 0.708 0.74314266 0.5452072 1.1884568 0.19793546
 61.76558 0.75 0.72500795 0.5450811 1.1547005 0.17992686
 61.79628 0.677 0.70930856 0.54495484 1.2153621 0.16435373
 61.826977 0.74 0.69559973 0.5448285 1.1624764 0.15077128
 61.857677 0.677 0.6835655 0.544702 1.2153621 0.13886352
 61.88828 0.698 0.6729846 0.54457575 1.1969397 0.12840886
 61.91898 0.635 0.6635654 0.544449 1.2549117 0.11911642
 61.949677 0.573 0.65517473 0.5443221 1.3210604 0.11085267
 61.980377 0.677 0.6476699 0.54419506 1.2153621 0.103474855
 62.011078 0.75 0.6409316 0.54406786 1.1547005 0.096863754
 62.04168 0.646 0.6348858 0.54394096 1.2441815 0.09094484
 62.07238 0.458 0.629405 0.5438135 1.4776353 0.08559152
 62.103077 0.682 0.624443 0.543686 1.2108988 0.08075705
 62.133778 0.721 0.6199411 0.54355824 1.1776937 0.076382905
 62.16448 0.547 0.6158493 0.5434304 1.3520923 0.07241893
 62.19508 0.65 0.6121404 0.54330283 1.2403474 0.06883762
 62.225777 0.734 0.60875136 0.5431747 1.167218 0.06557665
 62.256477 0.543 0.605666 0.5430464 1.3570633 0.062619515
 62.287178 0.706 0.60285866 0.542918 1.1901389 0.059940625
 62.31778 0.487 0.6003188 0.54278994 1.4329648 0.057528842
 62.348476 0.653 0.5980104 0.5426613 1.2374948 0.05534915
 62.379177 0.684 0.59593 0.5425325 1.2091271 0.053397484
 62.409878 0.54 0.5940677 0.5424036 1.3608277 0.051664133
 62.44058 0.688 0.59241724 0.5422745 1.205607 0.05014275
 62.47118 0.757 0.5909819 0.5421457 1.1493493 0.04883616
 62.501877 0.705 0.5897527 0.5420164 1.1909827 0.047736276
 62.532578 0.714 0.58874166 0.5418869 1.1834527 0.046854723
 62.56328 0.698 0.587961 0.5417573 1.1969397 0.04620368
 62.59398 0.631 0.58742994 0.5416276 1.2588829 0.04580237
 62.624577 0.703 0.5871773 0.5414981 1.1926756 0.04567917
 62.655277 0.712 0.5872414 0.5413681 1.1851137 0.045873314
 62.685978 0.708 0.58768046 0.54123795 1.1884568 0.046442524
 62.71668 0.704 0.58857447 0.54110765 1.1918283 0.047466792
 62.74738 0.714 0.5900372 0.54097724 1.1834527 0.049059954
 62.777977 0.696 0.5922214 0.5408471 1.1986582 0.051374234
 62.808678 0.526 0.5953823 0.54071647 1.3788186 0.054665804
 62.83938 0.786 0.59987783 0.54058564 1.1279471 0.059292182
 62.87008 0.484 0.6063031 0.5404547 1.4373989 0.065848425
 62.900677 0.866 0.6157135 0.54032403 1.0745857 0.07538946
 62.931377 0.659 0.6305584 0.5401928 1.2318485 0.09036557
 62.96208 0.907 0.6562664 0.5400614 1.0500171 0.11620497
 62.99278 0.709 0.70391876 0.5399299 1.1876183 0.16398883
 63.02348 0.889 0.790504 0.5397983 1.0605938 0.25070566
 63.054077 1.121 0.93015146 0.53966695 0.94448966 0.39048448
 63.084778 1.549 1.1133953 0.5395351 0.80347854 0.5738602
 63.11548 1.494 1.2595501 0.539403 0.8181345 0.7201471
 63.14618 1.633 1.2413869 0.5392709 0.7825407 0.702116
 63.17688 1.394 1.0984089 0.53913856 0.84697115 0.5592703
 63.207478 1.451 0.96650386 0.53900653 0.8301686 0.42749727
 63.23818 1.253 0.9234989 0.538874 0.8933558 0.38462493
 63.26888 1.45 0.9435863 0.5387413 0.8304548 0.40484503
 63.29958 0.942 0.9560265 0.53860843 1.0303258 0.41741803
 63.330276 1.213 0.89286816 0.53847545 0.907966 0.35439274
 63.360878 0.793 0.7856412 0.5383428 1.1229577 0.24729843
 63.39158 0.77 0.6990968 0.5382095 1.1396058 0.16088727
 63.42228 0.574 0.64202166 0.53807616 1.3199092 0.10394552
 63.45298 0.605 0.6088082 0.53794265 1.2856487 0.07086558
 63.483578 0.716 0.5902029 0.5378094 1.1817987 0.052393552
 63.51428 0.487 0.57910836 0.5376756 1.4329648 0.04143275
 63.54498 0.56 0.5718954 0.5375417 1.3363062 0.034353733
 63.57568 0.656 0.5669257 0.53740764 1.2346619 0.02951805
 63.606377 0.778 0.56353736 0.5372734 1.1337315 0.026263906
 63.63698 0.376 0.561581 0.53713953 1.6308202 0.024441494
 63.66768 0.52 0.561338 0.53700507 1.3867505 0.024332955
 63.69838 0.555 0.56360173 0.5368705 1.3423121 0.026731284
 63.72908 0.686 0.5693567 0.5367357 1.2073632 0.03262096
 63.759777 0.751 0.5787542 0.5366009 1.1539315 0.042153295
 63.79038 0.596 0.5887838 0.5364663 1.2953194 0.05231752
 63.82108 0.637 0.59158134 0.5363312 1.25294 0.055250186
 63.85178 0.601 0.58371884 0.5361959 1.28992 0.04752297
 63.882477 0.51 0.5736022 0.5360605 1.4002801 0.0375417
 63.913177 0.579 0.5677059 0.5359249 1.3141978 0.031781014
 63.94378 0.397 0.5672991 0.5357897 1.5871017 0.03150941
 63.97448 0.788 0.5771039 0.5356539 1.1265148 0.041450035

#end of datafile: A04_Cs2Na0.6Ag0.4InCl6 - cut.xy

