data_A10_Cs2NaInCl6 - cut.xy

_pd_meas_number_of_points 1609
_riet_meas_datafile_calibrated true

# On the following loop you will have:
#  2theta/d coordinate   experimental intensity  calculated intensity  background  intensity 1546186-Cs2NaInCl6

loop_
_pd_proc_2theta_corrected
_pd_proc_intensity_total
_pd_calc_intensity_total
_pd_proc_intensity_bkg_calc
_pd_proc_intensity_weight
_pd_calc_intensity_total
 14.14287 0.844 0.6716983 0.3543633 1.0885009 0.31733498
 14.17357 0.833 0.72821903 0.3547608 1.0956643 0.37345827
 14.20427 0.844 0.80247986 0.3551579 1.0885009 0.44732195
 14.23487 0.792 0.9061591 0.3555533 1.1236664 0.5506058
 14.26557 1.094 1.0676577 0.35594958 0.95607364 0.7117081
 14.29627 0.844 1.30567 0.35634544 1.0885009 0.9493246
 14.32697 1.333 1.6482018 0.35674092 0.8661337 1.2914609
 14.35767 1.604 2.1655664 0.35713598 0.789583 1.8084306
 14.38827 2.177 2.9975429 0.35752934 0.67775196 2.6400135
 14.41897 3.604 4.421476 0.35792357 0.5267537 4.0635524
 14.44967 5.947 7.0150895 0.3583174 0.41006342 6.656772
 14.48037 11.03 12.174871 0.35871083 0.30110103 11.81616
 14.51097 23.342 23.842085 0.35910258 0.20698123 23.48298
 14.54167 48.949 47.2045 0.3594952 0.14293155 46.845005
 14.57237 61.825 49.95034 0.3598874 0.12717974 49.590454
 14.60307 33.789 29.918636 0.36027917 0.17203322 29.558357
 14.63377 9.718 11.476863 0.36067057 0.32078317 11.116192
 14.66437 3.51 5.3130765 0.36106026 0.5337605 4.952016
 14.69507 2.104 3.2336679 0.36145085 0.6894093 2.872217
 14.72577 1.5 2.2525616 0.36184102 0.8164966 1.8907206
 14.75647 1.115 1.7022324 0.36223078 0.94702744 1.3400016
 14.78717 0.875 1.3624979 0.36262012 1.069045 0.9998778
 14.81777 0.948 1.1386205 0.36300778 1.02706 0.7756127
 14.84847 0.771 0.9823004 0.36339632 1.1388664 0.61890405
 14.87917 0.708 0.8692171 0.36378446 1.1884568 0.5054326
 14.90987 0.802 0.7847813 0.36417216 1.116639 0.42060915
 14.94057 0.667 0.72009426 0.36455947 1.2244388 0.3555348
 14.971169 0.802 0.6696033 0.3649451 1.116639 0.30465814
 15.00187 0.802 0.6291947 0.36533162 1.116639 0.2638631
 15.03257 0.656 0.59647727 0.3657177 1.2346619 0.23075958
 15.06327 0.646 0.569634 0.36610338 1.2441815 0.20353062
 15.09387 0.552 0.5474161 0.36648738 1.3459548 0.18092869
 15.12457 0.573 0.5287094 0.36687225 1.3210604 0.16183718
 15.15527 0.646 0.5128757 0.36725673 1.2441815 0.14561896
 15.18597 0.604 0.49934605 0.36764076 1.2867125 0.13170528
 15.21667 0.51 0.48770526 0.3680244 1.4002801 0.119680844
 15.24727 0.562 0.47763124 0.3684064 1.3339263 0.109224856
 15.27797 0.469 0.46882012 0.36878923 1.4602041 0.10003091
 15.30867 0.656 0.46095693 0.36917162 1.2346619 0.091785304
 15.33937 0.635 0.45381245 0.36955366 1.2549117 0.0842588
 15.3700695 0.562 0.44698876 0.36993524 1.3339263 0.07705351
 15.40067 0.656 0.43968013 0.3703152 1.2346619 0.06936495
 15.43137 0.667 0.4292893 0.37069598 1.2244388 0.058593314
 15.4620695 0.406 0.39173812 0.37107635 1.569412 0.020661764
 15.49277 0.531 0.38812995 0.37145633 1.3723116 0.016673625
 15.52347 0.542 0.3718359 0.3718359 1.3583145 0.0
 15.5540695 0.469 0.3722138 0.3722138 1.4602041 0.0
 15.58477 0.396 0.37259257 0.37259257 1.5891043 0.0
 15.61547 0.5 0.3729709 0.3729709 1.4142135 0.0
 15.64617 0.531 0.3733505 0.37334883 1.3723116 1.6685491E-6
 15.67677 0.573 0.3737307 0.37372512 1.3210604 5.550365E-6
 15.70747 0.49 0.37411508 0.37410223 1.4285715 1.283301E-5
 15.73817 0.5 0.37450582 0.37447897 1.4142135 2.6868436E-5
 15.76887 0.417 0.37491027 0.37485525 1.5485741 5.502075E-5
 15.79957 0.385 0.375346 0.37523115 1.6116459 1.1486333E-4
 15.83017 0.583 0.37585908 0.3756054 1.3096815 2.5367588E-4
 15.86087 0.427 0.37661397 0.3759805 1.5303334 6.334751E-4
 15.89157 0.5 0.37908828 0.37635517 1.4142135 0.0027331226
 15.92227 0.49 0.38058 0.37672943 1.4285715 0.0038505744
 15.95297 0.458 0.3812301 0.37710327 1.4776353 0.0041267946
 15.98357 0.552 0.38190836 0.3774755 1.3459548 0.0044328445
 16.01427 0.479 0.3826241 0.37784854 1.4448816 0.004775549
 16.04497 0.385 0.38338086 0.37822118 1.6116459 0.0051596845
 16.07567 0.562 0.3841856 0.37859342 1.3339263 0.0055922177
 16.106369 0.417 0.38504678 0.37896523 1.5485741 0.0060815574
 16.13697 0.458 0.38597175 0.3793354 1.4776353 0.0066363346
 16.16767 0.406 0.38697964 0.3797064 1.569412 0.0072732233
 16.19837 0.51 0.3880838 0.380077 1.4002801 0.008006763
 16.22907 0.417 0.38930467 0.3804472 1.5485741 0.008857469
 16.25967 0.385 0.39066437 0.38081577 1.6116459 0.009848614
 16.290369 0.479 0.39220646 0.38118514 1.4448816 0.011021329
 16.32107 0.281 0.39397252 0.3815541 1.8864567 0.012418404
 16.35177 0.427 0.3960243 0.38192266 1.5303334 0.01410163
 16.38247 0.427 0.39844653 0.3822908 1.5303334 0.016155714
 16.41307 0.427 0.40134975 0.38265735 1.5303334 0.018692413
 16.44377 0.552 0.4049284 0.38302466 1.3459548 0.021903725
 16.47447 0.469 0.40944234 0.3833916 1.4602041 0.026050746
 16.50517 0.563 0.41534007 0.38375813 1.3327411 0.03158195
 16.53587 0.49 0.42353925 0.38412422 1.4285715 0.039415028
 16.56647 0.552 0.43588257 0.38448873 1.3459548 0.05139384
 16.59717 0.437 0.45423388 0.38485402 1.5127226 0.06937987
 16.62787 0.5 0.4822023 0.38521892 1.4142135 0.09698337
 16.65857 0.469 0.5273861 0.38558337 1.4602041 0.14180277
 16.68927 0.594 0.6060844 0.38594747 1.2974982 0.22013696
 16.71987 0.594 0.7544437 0.38630992 1.2974982 0.36813378
 16.75057 1.219 1.0717304 0.38667318 0.90572876 0.6850571
 16.78127 1.667 1.8549898 0.38703603 0.7745192 1.4679538
 16.81197 3.208 3.3168151 0.38739848 0.5583195 2.9294167
 16.84257 3.542 3.2380447 0.38775933 0.53134394 2.8502855
 16.87327 2.573 2.223932 0.38812095 0.6234191 1.835811
 16.90397 0.896 1.1189129 0.38848215 1.0564429 0.7304308
 16.93467 0.625 0.6993679 0.38884297 1.264911 0.31052494
 16.96537 0.635 0.56542563 0.38920337 1.2549117 0.1762223
 16.99597 0.5 0.5052176 0.3895622 1.4142135 0.11565542
 17.02667 0.438 0.47168553 0.38992175 1.5109947 0.08176377
 17.05737 0.438 0.45118177 0.39028093 1.5109947 0.06090082
 17.08807 0.458 0.43777832 0.39063972 1.4776353 0.04713861
 17.11877 0.354 0.4285773 0.39099807 1.6807317 0.037579235
 17.14937 0.385 0.42204207 0.39135486 1.6116459 0.030687213
 17.18007 0.385 0.41723228 0.3917124 1.6116459 0.025519857
 17.21077 0.438 0.41362813 0.39206955 1.5109947 0.021558577
 17.24147 0.365 0.41088086 0.39242628 1.6552118 0.018454604
 17.27217 0.51 0.4087637 0.3927826 1.4002801 0.015981115
 17.30277 0.375 0.4071149 0.39313734 1.6329932 0.013977537
 17.33347 0.427 0.40581656 0.39349285 1.5303334 0.012323688
 17.36417 0.427 0.4047952 0.39384794 1.5303334 0.010947256
 17.39487 0.427 0.4039922 0.39420265 1.5303334 0.009789566
 17.42547 0.406 0.4033654 0.39455578 1.569412 0.008809633
 17.45617 0.344 0.40287685 0.39490965 1.7049859 0.007967213
 17.48687 0.448 0.4025033 0.39526314 1.4940357 0.007240196
 17.51757 0.437 0.40222457 0.39561617 1.5127226 0.006608402
 17.54827 0.26 0.40202478 0.39596882 1.9611614 0.0060559544
 17.57887 0.354 0.40188992 0.39631993 1.6807317 0.005569978
 17.60957 0.281 0.40180796 0.39667177 1.8864567 0.005136188
 17.64027 0.385 0.40176964 0.3970232 1.6116459 0.0047464506
 17.670969 0.406 0.40176332 0.3973742 1.569412 0.00438909
 17.70167 0.406 0.40177098 0.39772484 1.569412 0.0040461477
 17.73227 0.406 0.40175173 0.3980739 1.569412 0.00367783
 17.76297 0.406 0.40156642 0.3984237 1.569412 0.0031427147
 17.79367 0.406 0.39976478 0.39877307 1.569412 9.916845E-4
 17.82437 0.521 0.39912206 0.39912206 1.385419 0.0
 17.85507 0.417 0.39947066 0.39947066 1.5485741 0.0
 17.88567 0.406 0.39981768 0.39981768 1.569412 0.0
 17.91637 0.469 0.40016544 0.40016544 1.4602041 0.0
 17.94707 0.344 0.40051278 0.40051278 1.7049859 0.0
 17.97777 0.375 0.40085974 0.40085974 1.6329932 0.0
 18.00837 0.448 0.40120515 0.40120515 1.4940357 0.0
 18.03907 0.396 0.40155128 0.40155128 1.5891043 0.0
 18.06977 0.469 0.40189698 0.40189698 1.4602041 0.0
 18.10047 0.406 0.4022423 0.4022423 1.569412 0.0
 18.13117 0.531 0.4025872 0.4025872 1.3723116 0.0
 18.16177 0.406 0.4029306 0.4029306 1.569412 0.0
 18.19247 0.365 0.4032747 0.4032747 1.6552118 0.0
 18.22317 0.323 0.40361837 0.40361837 1.7595384 0.0
 18.25387 0.437 0.40396163 0.40396163 1.5127226 0.0
 18.28457 0.365 0.4043045 0.4043045 1.6552118 0.0
 18.31517 0.344 0.40464586 0.40464586 1.7049859 0.0
 18.34587 0.5 0.4049879 0.4049879 1.4142135 0.0
 18.37657 0.469 0.40532956 0.40532956 1.4602041 0.0
 18.40727 0.396 0.4056708 0.4056708 1.5891043 0.0
 18.43797 0.49 0.4060116 0.4060116 1.4285715 0.0
 18.46857 0.344 0.4063509 0.4063509 1.7049859 0.0
 18.49927 0.302 0.40669093 0.40669093 1.8196863 0.0
 18.52997 0.375 0.40703052 0.40703052 1.6329932 0.0
 18.56067 0.365 0.40736973 0.40736973 1.6552118 0.0
 18.59127 0.323 0.40770742 0.40770742 1.7595384 0.0
 18.62197 0.458 0.4080458 0.4080458 1.4776353 0.0
 18.65267 0.469 0.4083838 0.4083838 1.4602041 0.0
 18.68337 0.354 0.40872133 0.40872133 1.6807317 0.0
 18.71407 0.385 0.4090585 0.4090585 1.6116459 0.0
 18.74467 0.365 0.40939415 0.40939415 1.6552118 0.0
 18.77537 0.385 0.4097305 0.4097305 1.6116459 0.0
 18.80607 0.292 0.41006643 0.41006643 1.8505831 0.0
 18.83677 0.344 0.41040197 0.41040197 1.7049859 0.0
 18.86747 0.375 0.41073707 0.41073707 1.6329932 0.0
 18.89807 0.5 0.4110707 0.4110707 1.4142135 0.0
 18.92877 0.354 0.411405 0.411405 1.6807317 0.0
 18.95947 0.396 0.4117389 0.4117389 1.5891043 0.0
 18.99017 0.469 0.4120724 0.4120724 1.4602041 0.0
 19.02087 0.365 0.41240546 0.41240546 1.6552118 0.0
 19.05147 0.406 0.41273707 0.41273707 1.569412 0.0
 19.08217 0.396 0.41306934 0.41306934 1.5891043 0.0
 19.11287 0.375 0.4134012 0.4134012 1.6329932 0.0
 19.14357 0.302 0.41373265 0.41373265 1.8196863 0.0
 19.17417 0.396 0.4140626 0.4140626 1.5891043 0.0
 19.20487 0.438 0.41439325 0.41439325 1.5109947 0.0
 19.235569 0.375 0.41472346 0.41472346 1.6329932 0.0
 19.26627 0.354 0.41505328 0.41505328 1.6807317 0.0
 19.29697 0.375 0.41538268 0.41538268 1.6329932 0.0
 19.32757 0.438 0.41571063 0.41571063 1.5109947 0.0
 19.35827 0.469 0.41603923 0.41603923 1.4602041 0.0
 19.38897 0.552 0.4163674 0.4163674 1.3459548 0.0
 19.41967 0.406 0.4166952 0.4166952 1.569412 0.0
 19.45037 0.437 0.41702256 0.41702256 1.5127226 0.0
 19.48097 0.458 0.41734847 0.41734847 1.4776353 0.0
 19.51167 0.5 0.41767502 0.41767502 1.4142135 0.0
 19.54237 0.302 0.41800117 0.41800117 1.8196863 0.0
 19.57307 0.5 0.4183269 0.4183269 1.4142135 0.0
 19.60377 0.354 0.41865224 0.41865224 1.6807317 0.0
 19.63437 0.417 0.41897613 0.41897613 1.5485741 0.0
 19.66507 0.437 0.41930065 0.41930065 1.5127226 0.0
 19.69577 0.271 0.41962475 0.41962475 1.9209468 0.0
 19.726469 0.365 0.41994846 0.41994846 1.6552118 0.0
 19.75707 0.344 0.42027068 0.42027068 1.7049859 0.0
 19.78777 0.333 0.4205936 0.4205936 1.7329174 0.0
 19.81847 0.417 0.42091605 0.42091605 1.5485741 0.0
 19.84917 0.375 0.42123812 0.42123812 1.6329932 0.0
 19.87987 0.302 0.4215598 0.4215598 1.8196863 0.0
 19.91047 0.438 0.42188 0.42188 1.5109947 0.0
 19.94117 0.479 0.42220086 0.42220086 1.4448816 0.0
 19.97187 0.396 0.4225213 0.4225213 1.5891043 0.0
 20.00257 0.448 0.42284134 0.42284134 1.4940357 0.0
 20.03327 0.458 0.42316097 0.42316097 1.4776353 0.0
 20.06387 0.333 0.42347914 0.42347914 1.7329174 0.0
 20.09457 0.417 0.42379794 0.42379794 1.5485741 0.0
 20.12527 0.302 0.42411634 0.42411634 1.8196863 0.0
 20.15597 0.458 0.42443433 0.42443433 1.4776353 0.0
 20.18667 0.406 0.42475194 0.42475194 1.569412 0.0
 20.21727 0.365 0.42506808 0.42506808 1.6552118 0.0
 20.24797 0.385 0.42538485 0.42538485 1.6116459 0.0
 20.27867 0.365 0.42570123 0.42570123 1.6552118 0.0
 20.30937 0.344 0.42601717 0.42601717 1.7049859 0.0
 20.33997 0.354 0.4263317 0.4263317 1.6807317 0.0
 20.37067 0.406 0.42664683 0.42664683 1.569412 0.0
 20.40137 0.344 0.42696157 0.42696157 1.7049859 0.0
 20.43207 0.417 0.4272759 0.4272759 1.5485741 0.0
 20.46277 0.396 0.4275898 0.4275898 1.5891043 0.0
 20.49337 0.354 0.4279023 0.4279023 1.6807317 0.0
 20.52407 0.385 0.4282154 0.4282154 1.6116459 0.0
 20.55477 0.437 0.4285281 0.4285281 1.5127226 0.0
 20.58547 0.385 0.4288404 0.4288404 1.6116459 0.0
 20.61617 0.375 0.42915225 0.42915225 1.6329932 0.0
 20.64677 0.417 0.42946273 0.42946273 1.5485741 0.0
 20.67747 0.354 0.42977378 0.42977378 1.6807317 0.0
 20.70817 0.448 0.43008444 0.43008444 1.4940357 0.0
 20.73887 0.562 0.43039468 0.43039468 1.3339263 0.0
 20.76957 0.323 0.43070453 0.43070453 1.7595384 0.0
 20.800169 0.313 0.43101296 0.43101296 1.787425 0.0
 20.83087 0.385 0.43132198 0.43132198 1.6116459 0.0
 20.86157 0.448 0.43163058 0.43163058 1.4940357 0.0
 20.89227 0.333 0.4319388 0.4319388 1.7329174 0.0
 20.92287 0.479 0.4322456 0.4322456 1.4448816 0.0
 20.95357 0.354 0.432553 0.432553 1.6807317 0.0
 20.98427 0.49 0.43286 0.43286 1.4285715 0.0
 21.01497 0.312 0.43316656 0.43316656 1.7902871 0.0
 21.04567 0.417 0.43347272 0.43347272 1.5485741 0.0
 21.07627 0.333 0.4337775 0.4337775 1.7329174 0.0
 21.10697 0.5 0.43408287 0.43408287 1.4142135 0.0
 21.13767 0.406 0.4343878 0.4343878 1.569412 0.0
 21.16837 0.406 0.43469235 0.43469235 1.569412 0.0
 21.19907 0.448 0.4349965 0.4349965 1.4940357 0.0
 21.22967 0.5 0.43529922 0.43529922 1.4142135 0.0
 21.26037 0.458 0.43560252 0.43560252 1.4776353 0.0
 21.291069 0.417 0.43590543 0.43590543 1.5485741 0.0
 21.32177 0.521 0.43620795 0.43620795 1.385419 0.0
 21.35247 0.458 0.43651003 0.43651003 1.4776353 0.0
 21.38307 0.469 0.43681073 0.43681073 1.4602041 0.0
 21.41377 0.458 0.437112 0.437112 1.4776353 0.0
 21.44447 0.385 0.4374129 0.4374129 1.6116459 0.0
 21.47517 0.573 0.43771335 0.43771335 1.3210604 0.0
 21.50577 0.448 0.43801242 0.43801242 1.4940357 0.0
 21.53647 0.688 0.43831208 0.43831208 1.205607 0.0
 21.56717 0.729 0.4386113 0.4386113 1.171214 0.0
 21.59787 0.5 0.43891013 0.43891013 1.4142135 0.0
 21.62857 0.469 0.43920857 0.43920857 1.4602041 0.0
 21.65917 0.323 0.4395056 0.4395056 1.7595384 0.0
 21.68987 0.51 0.4398032 0.4398032 1.4002801 0.0
 21.72057 0.344 0.44010043 0.44010043 1.7049859 0.0
 21.75127 0.406 0.4403972 0.4403972 1.569412 0.0
 21.78197 0.437 0.4406936 0.4406936 1.5127226 0.0
 21.81257 0.479 0.4409886 0.4409886 1.4448816 0.0
 21.84327 0.49 0.44128418 0.44128418 1.4285715 0.0
 21.87397 0.479 0.44157934 0.44157934 1.4448816 0.0
 21.90467 0.437 0.4418741 0.4418741 1.5127226 0.0
 21.93537 0.5 0.44216844 0.44216844 1.4142135 0.0
 21.96597 0.427 0.44246143 0.44246143 1.5303334 0.0
 21.99667 0.531 0.44275495 0.44275495 1.3723116 0.0
 22.02737 0.458 0.4430481 0.4430481 1.4776353 0.0
 22.05807 0.417 0.44334078 0.44334078 1.5485741 0.0
 22.08867 0.562 0.44363216 0.44363216 1.3339263 0.0
 22.11937 0.406 0.44392404 0.44392404 1.569412 0.0
 22.15007 0.542 0.44421554 0.44421554 1.3583145 0.0
 22.18077 0.385 0.44450662 0.44450662 1.6116459 0.0
 22.21147 0.365 0.4447973 0.4447973 1.6552118 0.0
 22.24207 0.5 0.44508663 0.44508663 1.4142135 0.0
 22.27277 0.458 0.4453765 0.4453765 1.4776353 0.0
 22.30347 0.521 0.44566596 0.44566596 1.385419 0.0
 22.33417 0.396 0.44595498 0.44595498 1.5891043 0.0
 22.36487 0.542 0.4462436 0.4462436 1.3583145 0.0
 22.39547 0.417 0.4465309 0.4465309 1.5485741 0.0
 22.42617 0.521 0.44681874 0.44681874 1.385419 0.0
 22.45687 0.458 0.44710615 0.44710615 1.4776353 0.0
 22.48757 0.51 0.44739315 0.44739315 1.4002801 0.0
 22.51827 0.396 0.44767976 0.44767976 1.5891043 0.0
 22.54887 0.635 0.44796503 0.44796503 1.2549117 0.0
 22.57957 0.573 0.4482508 0.4482508 1.3210604 0.0
 22.61027 0.5 0.4485888 0.4485362 1.4142135 5.259704E-5
 22.64097 0.625 0.44899738 0.44882116 1.264911 1.762218E-4
 22.67157 0.531 0.4496104 0.4491048 1.3723116 5.056191E-4
 22.70227 0.552 0.45076245 0.44938895 1.3459548 0.0013735013
 22.73297 0.667 0.45360962 0.44967267 1.2244388 0.0039369287
 22.76367 0.615 0.4632596 0.44995603 1.2751534 0.013303595
 22.79437 0.552 0.5522961 0.45023894 1.3459548 0.10205718
 22.82497 0.719 0.5629595 0.45052055 1.1793306 0.112438925
 22.855669 0.5 0.6134101 0.45080265 1.4142135 0.16260746
 22.88637 0.552 0.6237821 0.45108438 1.3459548 0.17269775
 22.91707 0.667 0.6351241 0.45136568 1.2244388 0.18375841
 22.94777 0.635 0.6475638 0.45164657 1.2549117 0.19591725
 22.97837 0.698 0.66120136 0.45192614 1.1969397 0.20927523
 23.00907 0.656 0.67630976 0.4522062 1.2346619 0.22410356
 23.03977 0.75 0.69305354 0.4524859 1.1547005 0.24056765
 23.07047 0.698 0.7116831 0.45276514 1.1969397 0.25891796
 23.10117 0.667 0.7324968 0.453044 1.2244388 0.27945283
 23.13177 0.781 0.75576943 0.45332152 1.1315519 0.3024479
 23.16247 0.802 0.78210384 0.45359957 1.116639 0.32850426
 23.19317 0.844 0.81196254 0.45387718 1.0885009 0.35808536
 23.22387 0.698 0.84601015 0.4541544 1.1969397 0.39185575
 23.25447 0.823 0.88493156 0.4544303 1.1023006 0.43050122
 23.28517 0.76 0.9300476 0.45470673 1.1470786 0.47534084
 23.31587 0.844 0.98257077 0.45498273 1.0885009 0.527588
 23.34657 0.865 1.0442332 0.4552583 1.0752066 0.58897495
 23.37727 0.812 1.1173003 0.4555335 1.1097419 0.66176677
 23.40787 0.927 1.2044601 0.4558074 1.0386282 0.74865276
 23.43857 1.135 1.3104137 0.45608175 0.9386465 0.85433203
 23.46927 1.417 1.4405599 0.45635572 0.84006923 0.9842042
 23.49997 1.271 1.6029497 0.45662928 0.88700736 1.1463205
 23.53067 1.604 1.8093083 0.4569024 0.789583 1.3524059
 23.56127 1.812 2.0762868 0.45717424 0.7428838 1.6191126
 23.59197 2.344 2.4336097 0.45744658 0.6531624 1.9761631
 23.62267 3.0 2.9283836 0.4577185 0.57735026 2.470665
 23.65337 4.25 3.6535969 0.45799002 0.48507124 3.195607
 23.68407 5.01 4.788251 0.45826113 0.44676706 4.32999
 23.71467 7.135 6.6342134 0.45853093 0.3743717 6.175682
 23.74537 10.812 9.91776 0.45880124 0.3041214 9.458959
 23.77607 17.436 16.554579 0.4590711 0.23948404 16.095509
 23.80677 35.366 33.294853 0.4593406 0.16815393 32.835514
 23.83737 79.627 78.5505 0.45960876 0.11206496 78.09089
 23.86807 150.572 150.70842 0.45987743 0.08149442 150.24855
 23.89877 145.958 143.0207 0.46014568 0.08277249 142.56056
 23.92947 108.533 108.83964 0.46041355 0.095988475 108.37923
 23.96017 69.023 66.868904 0.46068096 0.12036579 66.408226
 23.99077 27.73 27.786278 0.46094713 0.18990004 27.32533
 24.02147 12.094 12.852089 0.46121374 0.28755108 12.390875
 24.05217 6.906 7.904184 0.46147996 0.3805281 7.4427037
 24.08287 4.281 5.5684886 0.46174577 0.48331177 5.106743
 24.11357 3.323 4.1954436 0.46201116 0.5485735 3.7334323
 24.14417 2.104 3.3159988 0.4622753 0.6894093 2.8537235
 24.17487 1.948 2.7143164 0.46253988 0.7164824 2.2517765
 24.20557 1.739 2.2856708 0.46280405 0.758316 1.8228667
 24.236269 1.521 1.9693348 0.4630678 0.8108404 1.5062671
 24.26697 1.427 1.7291416 0.46333116 0.8371206 1.2658105
 24.29757 1.25 1.543028 0.46359327 0.8944272 1.0794348
 24.32827 1.271 1.3948872 0.4638558 0.88700736 0.9310314
 24.35897 1.188 1.275444 0.46411794 0.9174698 0.8113261
 24.38967 1.146 1.1777353 0.46437967 0.9341308 0.71335566
 24.420269 1.094 1.0970594 0.46464014 0.95607364 0.6324192
 24.45097 0.885 1.0292207 0.46490106 1.062988 0.5643197
 24.48167 1.104 0.97183394 0.46516156 0.9517337 0.5066724
 24.51237 0.885 0.9228604 0.46542165 1.062988 0.45743874
 24.54307 0.917 0.88073784 0.46568134 1.0442761 0.4150565
 24.57367 0.927 0.8443735 0.4659398 1.0386282 0.37843373
 24.60437 0.76 0.8125512 0.46619865 1.1470786 0.34635255
 24.63507 1.031 0.78464526 0.46645713 0.9848513 0.31818813
 24.66577 0.865 0.760042 0.4667152 1.0752066 0.29332685
 24.69647 0.844 0.73824453 0.46697283 1.0885009 0.2712717
 24.72707 0.792 0.71891195 0.46722922 1.1236664 0.2516827
 24.75777 0.906 0.7015705 0.46748605 1.0505964 0.23408443
 24.78847 0.781 0.6859766 0.4677425 1.1315519 0.21823415
 24.81917 0.625 0.6718843 0.4679985 1.264911 0.20388578
 24.84987 0.708 0.65899795 0.46825412 1.1884568 0.19074382
 24.88047 0.698 0.6469992 0.46850848 1.1969397 0.1784907
 24.91117 0.76 0.63456565 0.4687633 1.1470786 0.16580236
 24.94187 0.708 0.6171278 0.46901768 1.1884568 0.1481101
 24.97257 0.583 0.5215647 0.46927166 1.3096815 0.05229305
 25.00317 0.729 0.5150141 0.4695244 1.171214 0.045489695
 25.03387 0.688 0.46977758 0.46977758 1.205607 0.0
 25.06457 0.625 0.47003034 0.47003034 1.264911 0.0
 25.09527 0.646 0.47028267 0.47028267 1.2441815 0.0
 25.12597 0.646 0.47053462 0.47053462 1.2441815 0.0
 25.15657 0.562 0.47078535 0.47078535 1.3339263 0.0
 25.18727 0.667 0.47103646 0.47103646 1.2244388 0.0
 25.21797 0.552 0.4712872 0.4712872 1.3459548 0.0
 25.24867 0.677 0.4715375 0.4715375 1.2153621 0.0
 25.27937 0.698 0.4717874 0.4717874 1.1969397 0.0
 25.30997 0.698 0.4720361 0.4720361 1.1969397 0.0
 25.34067 0.562 0.47228518 0.47228518 1.3339263 0.0
 25.37137 0.542 0.47253385 0.47253385 1.3583145 0.0
 25.40207 0.604 0.47278214 0.47278214 1.2867125 0.0
 25.43277 0.677 0.47302997 0.47302997 1.2153621 0.0
 25.46337 0.542 0.47327664 0.47327664 1.3583145 0.0
 25.49407 0.427 0.47352368 0.47352368 1.5303334 0.0
 25.52477 0.542 0.47377032 0.47377032 1.3583145 0.0
 25.55547 0.469 0.47401655 0.47401655 1.4602041 0.0
 25.58607 0.583 0.47426158 0.47426158 1.3096815 0.0
 25.61677 0.656 0.474507 0.474507 1.2346619 0.0
 25.64747 0.5 0.474752 0.474752 1.4142135 0.0
 25.67817 0.458 0.47499663 0.47499663 1.4776353 0.0
 25.70887 0.469 0.47524083 0.47524083 1.4602041 0.0
 25.73947 0.365 0.4754838 0.4754838 1.6552118 0.0
 25.77017 0.427 0.47572717 0.47572717 1.5303334 0.0
 25.80087 0.385 0.47597015 0.47597015 1.6116459 0.0
 25.83157 0.5 0.4762127 0.4762127 1.4142135 0.0
 25.86227 0.531 0.47645488 0.47645488 1.3723116 0.0
 25.89287 0.521 0.47669584 0.47669584 1.385419 0.0
 25.92357 0.448 0.47693717 0.47693717 1.4940357 0.0
 25.95427 0.396 0.47717813 0.47717813 1.5891043 0.0
 25.98497 0.437 0.47741863 0.47741863 1.5127226 0.0
 26.01567 0.5 0.47765875 0.47765875 1.4142135 0.0
 26.04627 0.5 0.47789767 0.47789767 1.4142135 0.0
 26.07697 0.531 0.478137 0.478137 1.3723116 0.0
 26.10767 0.344 0.47837588 0.47837588 1.7049859 0.0
 26.13837 0.479 0.47861436 0.47861436 1.4448816 0.0
 26.16897 0.448 0.47885168 0.47885168 1.4940357 0.0
 26.19967 0.396 0.47908935 0.47908935 1.5891043 0.0
 26.23037 0.604 0.4793266 0.4793266 1.2867125 0.0
 26.26107 0.531 0.47956347 0.47956347 1.3723116 0.0
 26.291769 0.438 0.4797999 0.4797999 1.5109947 0.0
 26.32237 0.375 0.4800352 0.4800352 1.6329932 0.0
 26.35307 0.51 0.4802708 0.4802708 1.4002801 0.0
 26.38377 0.458 0.48050603 0.48050603 1.4776353 0.0
 26.41447 0.542 0.48074085 0.48074085 1.3583145 0.0
 26.44517 0.615 0.48097527 0.48097527 1.2751534 0.0
 26.475769 0.573 0.4812085 0.4812085 1.3210604 0.0
 26.50647 0.615 0.4814421 0.4814421 1.2751534 0.0
 26.53717 0.562 0.4816753 0.4816753 1.3339263 0.0
 26.56787 0.448 0.48190805 0.48190805 1.4940357 0.0
 26.59857 0.469 0.48214042 0.48214042 1.4602041 0.0
 26.62917 0.552 0.48237163 0.48237163 1.3459548 0.0
 26.65987 0.479 0.4826032 0.4826032 1.4448816 0.0
 26.69057 0.396 0.48283434 0.48283434 1.5891043 0.0
 26.72127 0.656 0.4830651 0.4830651 1.2346619 0.0
 26.75187 0.427 0.48330027 0.48329467 1.5303334 5.595879E-6
 26.78257 0.479 0.48354524 0.4835246 1.4448816 2.0660305E-5
 26.81327 0.521 0.48381853 0.4837541 1.385419 6.442602E-5
 26.84397 0.573 0.48419484 0.48398322 1.3210604 2.1162348E-4
 26.87467 0.51 0.48503357 0.48421192 1.4002801 8.216521E-4
 26.90527 0.427 0.4924301 0.48443946 1.5303334 0.007990617
 26.93597 0.469 0.49316683 0.48466736 1.4602041 0.008499493
 26.96667 0.49 0.49417442 0.48489484 1.4285715 0.009279583
 26.99737 0.531 0.49860287 0.4851219 1.3723116 0.013480978
 27.02807 0.469 0.49961665 0.48534855 1.4602041 0.01426809
 27.05867 0.552 0.50069714 0.48557407 1.3459548 0.015123052
 27.08937 0.604 0.5018607 0.48579994 1.2867125 0.016060727
 27.12007 0.51 0.50311387 0.48602536 1.4002801 0.017088493
 27.15077 0.448 0.5044687 0.4862504 1.4940357 0.018218305
 27.18147 0.448 0.5059391 0.48647502 1.4940357 0.019464117
 27.21207 0.521 0.5075357 0.4866985 1.385419 0.020837173
 27.24277 0.51 0.50928897 0.48692232 1.4002801 0.022366652
 27.27347 0.5 0.51121694 0.48714572 1.4142135 0.024071205
 27.30417 0.469 0.51334727 0.4873687 1.4602041 0.025978573
 27.33477 0.437 0.51570475 0.48759058 1.5127226 0.028114159
 27.36547 0.583 0.5183465 0.48781276 1.3096815 0.030533757
 27.39617 0.552 0.5213148 0.48803452 1.3459548 0.033280294
 27.42687 0.51 0.5246715 0.4882559 1.4002801 0.036415607
 27.45757 0.646 0.5284935 0.48847684 1.2441815 0.040016703
 27.48817 0.687 0.5328615 0.48869666 1.2064842 0.04416482
 27.51887 0.427 0.5379298 0.4889168 1.5303334 0.04901299
 27.54957 0.552 0.54384446 0.48913652 1.3459548 0.054707948
 27.58027 0.49 0.55081564 0.48935586 1.4285715 0.061459783
 27.61097 0.552 0.5591225 0.48957476 1.3459548 0.069547735
 27.64157 0.448 0.5691047 0.48979256 1.4940357 0.07931209
 27.67227 0.729 0.5813544 0.49001068 1.171214 0.091343716
 27.70297 0.583 0.59658056 0.49022835 1.3096815 0.106352225
 27.73367 0.5 0.6158603 0.49044564 1.4142135 0.12541465
 27.76437 0.76 0.6408091 0.49066252 1.1470786 0.15014659
 27.79497 0.656 0.67381436 0.49087828 1.2346619 0.18293607
 27.82567 0.781 0.7192588 0.49109435 1.1315519 0.22816446
 27.856369 0.948 0.78464705 0.49131 1.02706 0.29333705
 27.88707 0.99 0.88539946 0.49152523 1.0050378 0.39387423
 27.91767 1.427 1.0521457 0.4917394 0.8371206 0.5604063
 27.94837 1.625 1.3543473 0.49195382 0.78446454 0.8623935
 27.97907 2.323 2.0122323 0.49216783 0.6561081 1.5200645
 28.00977 4.021 3.838173 0.49238145 0.49869263 3.3457916
 28.04047 8.572 8.422538 0.49259466 0.34155363 7.9299436
 28.07107 13.917 14.025384 0.49280676 0.26805702 13.5325775
 28.10177 12.334 12.373651 0.49301916 0.2847397 11.880631
 28.13247 8.968 9.709913 0.49323115 0.3339275 9.216682
 28.16317 7.593 7.387236 0.4934427 0.3629053 6.8937936
 28.19387 3.604 3.7506373 0.4936539 0.5267537 3.2569833
 28.22447 2.063 1.925722 0.49386397 0.69622624 1.431858
 28.25517 1.385 1.311095 0.4940743 0.8497186 0.81702065
 28.28587 1.125 1.0715295 0.49428424 0.94280905 0.57724524
 28.31657 0.708 0.94158375 0.49449378 1.1884568 0.44708994
 28.34727 0.792 0.8616046 0.49470294 1.1236664 0.36690167
 28.37787 0.833 0.81003803 0.49491096 1.0956643 0.31512704
 28.40857 0.792 0.7757367 0.49511927 1.1236664 0.28061742
 28.43927 0.823 0.7529859 0.49532717 1.1023006 0.25765875
 28.46997 0.604 0.7383276 0.4955347 1.2867125 0.24279295
 28.50057 0.635 0.72968584 0.4957411 1.2549117 0.23394474
 28.53127 0.719 0.72569543 0.49594778 1.1793306 0.22974767
 28.56197 0.677 0.72558457 0.49615407 1.2153621 0.22943053
 28.59267 0.594 0.7288687 0.4963599 1.2974982 0.23250882
 28.62337 0.781 0.7352951 0.4965654 1.1315519 0.23872975
 28.65397 0.854 0.74475086 0.4967698 1.0821091 0.24798107
 28.68467 0.75 0.75737983 0.4969744 1.1547005 0.2604054
 28.71537 0.698 0.7733757 0.49717864 1.1969397 0.27619705
 28.74607 0.698 0.79311055 0.4973825 1.1969397 0.29572803
 28.77677 0.865 0.8171272 0.4975859 1.0752066 0.31954134
 28.80737 0.74 0.84606564 0.49778825 1.1624764 0.3482774
 28.83807 0.833 0.8811513 0.49799088 1.0956643 0.38316047
 28.86877 0.781 0.9236788 0.49819306 1.1315519 0.42548573
 28.89947 0.885 0.9755373 0.49839485 1.062988 0.47714242
 28.93017 0.781 1.0393296 0.49859625 1.1315519 0.54073334
 28.96077 0.969 1.1183919 0.49879655 1.01587 0.6195952
 28.99147 1.0 1.2185025 0.49899712 1.0 0.7195054
 29.02217 1.354 1.3471278 0.49919727 0.85939074 0.84793055
 29.05287 1.479 1.5160079 0.49939704 0.8222728 1.0166109
 29.08347 1.594 1.7428893 0.49959573 0.7920559 1.2432935
 29.11417 2.031 2.0611637 0.49979466 0.7016896 1.561369
 29.14487 2.573 2.5309894 0.4999932 0.6234191 2.030996
 29.17557 3.385 3.2763743 0.50019133 0.5435264 2.7761831
 29.20627 5.135 4.551207 0.50038904 0.44129577 4.050818
 29.23687 7.104 7.0127645 0.5005857 0.37518764 6.512179
 29.26757 12.978 13.141825 0.5007826 0.2775851 12.641043
 29.29827 27.407 30.509686 0.50097907 0.19101578 30.008707
 29.32897 63.283 64.933914 0.50117517 0.12570614 64.43274
 29.35967 91.826 83.99342 0.50137085 0.10435594 83.49205
 29.39027 58.527 63.40394 0.50156546 0.13071392 62.902374
 29.420969 55.215 52.936405 0.5017603 0.13457718 52.434643
 29.45167 39.08 35.046093 0.5019548 0.15996417 34.54414
 29.48237 15.271 15.749931 0.5021488 0.25589764 15.247783
 29.51307 7.406 7.2446184 0.50234246 0.36745837 6.742276
 29.54367 4.208 4.4319477 0.50253505 0.48748598 3.9294126
 29.57437 2.927 3.210577 0.50272787 0.58450556 2.707849
 29.60507 2.052 2.5009527 0.50292027 0.69808984 1.9980325
 29.63577 1.5 2.040561 0.5031123 0.8164966 1.5374488
 29.66637 1.396 1.7250082 0.5033033 0.8463642 1.221705
 29.69707 1.323 1.4975818 0.50349444 0.86940086 0.99408746
 29.72777 1.135 1.3286934 0.50368524 0.9386465 0.8250082
 29.75847 1.083 1.1997663 0.5038756 0.96091676 0.6958907
 29.78917 1.114 1.0990766 0.5040656 0.9474524 0.59501106
 29.81977 1.083 1.0191844 0.5042545 0.96091676 0.51492983
 29.85047 0.823 0.9542895 0.50444365 1.1023006 0.44984582
 29.88117 0.917 0.9010371 0.5046324 1.0442761 0.39640468
 29.91187 0.917 0.85679793 0.50482076 1.0442761 0.3519772
 29.94257 0.885 0.81964785 0.5050087 1.062988 0.31463915
 29.97317 0.844 0.7882578 0.50519556 1.0885009 0.28306222
 30.00387 0.906 0.761316 0.5053827 1.0505964 0.25593328
 30.03457 0.948 0.73810244 0.5055694 1.02706 0.23253302
 30.06527 0.729 0.7179621 0.5057557 1.171214 0.2122064
 30.09597 0.687 0.7003783 0.50594157 1.2064842 0.19443673
 30.12657 0.76 0.684992 0.50612646 1.1470786 0.17886555
 30.15727 0.844 0.67136115 0.50631154 1.0885009 0.16504963
 30.18797 0.625 0.6592726 0.5064962 1.264911 0.15277644
 30.21867 0.656 0.6485047 0.5066805 1.2346619 0.14182423
 30.24927 0.604 0.63890755 0.5068637 1.2867125 0.13204384
 30.27997 0.812 0.6302602 0.5070472 1.1097419 0.123213045
 30.31067 0.76 0.6224704 0.50723016 1.1470786 0.115240164
 30.34137 0.615 0.6154301 0.5074128 1.2751534 0.10801729
 30.37207 0.563 0.6090481 0.50759506 1.3327411 0.10145312
 30.40267 0.74 0.603267 0.50777626 1.1624764 0.095490746
 30.43337 0.594 0.5979563 0.50795764 1.2974982 0.08999861
 30.46407 0.542 0.59306365 0.50813866 1.3583145 0.084924966
 30.49477 0.708 0.5884426 0.50831926 1.1884568 0.08012338
 30.52547 0.677 0.5837026 0.50849944 1.2153621 0.07520317
 30.55607 0.635 0.5769755 0.5086786 1.2549117 0.06829688
 30.58677 0.688 0.5331332 0.50885797 1.205607 0.024275258
 30.61747 0.781 0.53057575 0.50903696 1.1315519 0.021538844
 30.64817 0.719 0.5092155 0.5092155 1.1793306 0.0
 30.67887 0.729 0.50939363 0.50939363 1.171214 0.0
 30.70947 0.646 0.5095708 0.5095708 1.2441815 0.0
 30.74017 0.656 0.5097481 0.5097481 1.2346619 0.0
 30.77087 0.469 0.509925 0.509925 1.4602041 0.0
 30.80157 0.677 0.51010156 0.51010156 1.2153621 0.0
 30.83217 0.542 0.5102771 0.5102771 1.3583145 0.0
 30.86287 0.729 0.51045275 0.51045275 1.171214 0.0
 30.89357 0.75 0.51062804 0.51062804 1.1547005 0.0
 30.92427 0.594 0.5108029 0.5108029 1.2974982 0.0
 30.95497 0.552 0.5109774 0.5109774 1.3459548 0.0
 30.985569 0.552 0.5111509 0.5111509 1.3459548 0.0
 31.01627 0.542 0.5113246 0.5113246 1.3583145 0.0
 31.04697 0.719 0.5114978 0.5114978 1.1793306 0.0
 31.07767 0.521 0.51167065 0.51167065 1.385419 0.0
 31.10837 0.49 0.5118431 0.5118431 1.4285715 0.0
 31.13897 0.667 0.51201457 0.51201457 1.2244388 0.0
 31.16967 0.583 0.51218617 0.51218617 1.3096815 0.0
 31.20037 0.646 0.51235735 0.51235735 1.2441815 0.0
 31.23107 0.615 0.5125282 0.5125282 1.2751534 0.0
 31.26177 0.563 0.5126986 0.5126986 1.3327411 0.0
 31.29237 0.479 0.512868 0.512868 1.4448816 0.0
 31.32307 0.677 0.51303756 0.51303756 1.2153621 0.0
 31.35377 0.573 0.5132068 0.5132068 1.3210604 0.0
 31.38447 0.646 0.5133755 0.5133755 1.2441815 0.0
 31.41507 0.688 0.5135433 0.5135433 1.205607 0.0
 31.44577 0.625 0.5137113 0.5137113 1.264911 0.0
 31.476469 0.708 0.5138788 0.5138788 1.1884568 0.0
 31.50717 0.531 0.51404595 0.51404595 1.3723116 0.0
 31.53787 0.542 0.51421267 0.51421267 1.3583145 0.0
 31.56847 0.75 0.5143784 0.5143784 1.1547005 0.0
 31.59917 0.458 0.51454437 0.51454437 1.4776353 0.0
 31.62987 0.531 0.5147099 0.5147099 1.3723116 0.0
 31.66057 0.5 0.51487494 0.51487494 1.4142135 0.0
 31.69127 0.562 0.5150396 0.5150396 1.3339263 0.0
 31.72187 0.667 0.5152034 0.5152034 1.2244388 0.0
 31.75257 0.51 0.51536727 0.51536727 1.4002801 0.0
 31.78327 0.521 0.5155307 0.5155307 1.385419 0.0
 31.81397 0.49 0.5156938 0.5156938 1.4285715 0.0
 31.84467 0.604 0.51585644 0.51585644 1.2867125 0.0
 31.87527 0.49 0.51601815 0.51601815 1.4285715 0.0
 31.90597 0.521 0.51618 0.51618 1.385419 0.0
 31.93667 0.625 0.5163414 0.5163414 1.264911 0.0
 31.96737 0.531 0.51650244 0.51650244 1.3723116 0.0
 31.99797 0.615 0.5166625 0.5166625 1.2751534 0.0
 32.02867 0.5 0.5168227 0.5168227 1.4142135 0.0
 32.05937 0.521 0.5169825 0.5169825 1.385419 0.0
 32.09007 0.562 0.5171419 0.5171419 1.3339263 0.0
 32.12077 0.563 0.51730084 0.51730084 1.3327411 0.0
 32.15137 0.625 0.5174589 0.5174589 1.264911 0.0
 32.18207 0.479 0.5176171 0.5176171 1.4448816 0.0
 32.21277 0.573 0.5177748 0.5177748 1.3210604 0.0
 32.24347 0.458 0.5179322 0.5179322 1.4776353 0.0
 32.27417 0.49 0.5180891 0.5180891 1.4285715 0.0
 32.30477 0.49 0.51824516 0.51824516 1.4285715 0.0
 32.33547 0.729 0.51840127 0.51840127 1.171214 0.0
 32.36617 0.51 0.518557 0.518557 1.4002801 0.0
 32.39687 0.49 0.5187123 0.5187123 1.4285715 0.0
 32.42757 0.583 0.5188672 0.5188672 1.3096815 0.0
 32.45817 0.573 0.5190212 0.5190212 1.3210604 0.0
 32.48887 0.615 0.5191753 0.5191753 1.2751534 0.0
 32.51957 0.313 0.51932895 0.51932895 1.787425 0.0
 32.55027 0.583 0.519502 0.5194822 1.3096815 1.9779183E-5
 32.58087 0.552 0.51971096 0.5196346 1.3459548 7.6365905E-5
 32.61157 0.615 0.5200399 0.519787 1.2751534 2.5284762E-4
 32.64227 0.635 0.52083164 0.51993906 1.2549117 8.9255895E-4
 32.67297 0.604 0.52389985 0.5200907 1.2867125 0.0038091573
 32.70367 0.625 0.56470835 0.520242 1.264911 0.044466373
 32.73427 0.625 0.5673078 0.5203923 1.264911 0.046915486
 32.76497 0.542 0.57120365 0.5205427 1.3583145 0.050660957
 32.79567 0.635 0.59416413 0.5206927 1.2549117 0.07347141
 32.82637 0.698 0.5980615 0.5208423 1.1969397 0.07721917
 32.85707 0.573 0.6022531 0.5209915 1.3210604 0.08126155
 32.88767 0.656 0.6067536 0.5211398 1.2346619 0.08561381
 32.91837 0.635 0.61163104 0.52128816 1.2549117 0.090342864
 32.94907 0.469 0.6169115 0.52143615 1.4602041 0.09547533
 32.97977 0.687 0.6226423 0.52158374 1.2064842 0.10105859
 33.01047 0.625 0.62887794 0.52173084 1.264911 0.10714708
 33.04107 0.646 0.6356556 0.5218771 1.2441815 0.11377844
 33.07177 0.729 0.643096 0.5220235 1.171214 0.12107258
 33.10247 0.615 0.6512619 0.5221694 1.2751534 0.12909253
 33.13317 0.604 0.66025287 0.5223149 1.2867125 0.13793795
 33.16377 0.812 0.6701485 0.52245957 1.1097419 0.14768893
 33.19447 0.635 0.6811576 0.5226043 1.2549117 0.1585533
 33.22517 0.667 0.6934129 0.5227486 1.2244388 0.17066431
 33.25587 0.74 0.7071134 0.5228925 1.1624764 0.1842209
 33.28657 0.687 0.72249883 0.52303594 1.2064842 0.19946286
 33.31717 0.76 0.73979443 0.5231786 1.1470786 0.21661584
 33.34787 0.708 0.7594796 0.5233212 1.1884568 0.23615831
 33.37857 0.812 0.7819401 0.5234635 1.1097419 0.25847661
 33.40927 0.615 0.8077296 0.52360535 1.2751534 0.28412428
 33.43997 1.052 0.8375463 0.5237468 0.97497195 0.3137995
 33.47057 0.823 0.87214667 0.5238874 1.1023006 0.34825927
 33.50127 0.854 0.9129256 0.524028 1.0821091 0.3888976
 33.53197 0.854 0.9612841 0.52416825 1.0821091 0.43711585
 33.56267 0.854 1.0192404 0.524308 1.0821091 0.49493235
 33.59337 1.115 1.0895329 0.52444744 0.94702744 0.5650854
 33.62397 1.167 1.17561 0.524586 0.92568785 0.651024
 33.65467 1.448 1.2834423 0.5247246 0.8310281 0.75871766
 33.68537 1.333 1.4205928 0.52486277 0.8661337 0.89573
 33.71607 1.646 1.5988454 0.5250006 0.7794443 1.0738448
 33.74667 2.344 1.8357106 0.5251375 0.6531624 1.3105731
 33.77737 3.74 2.1637566 0.52527446 0.5170877 1.6384823
 33.80807 5.281 2.6394737 0.525411 0.43515295 2.1140628
 33.83877 5.312 3.3766508 0.52554715 0.43388134 2.8511035
 33.86947 7.708 4.617785 0.52568287 0.36018792 4.092102
 33.90007 9.646 7.035595 0.52581775 0.32197812 6.509777
 33.93077 15.178 13.206764 0.5259527 0.2566804 12.680812
 33.96147 28.615 30.290329 0.52608716 0.18694039 29.764242
 33.99217 60.6 63.616196 0.5262213 0.12845875 63.089973
 34.02287 95.024 88.456505 0.52635497 0.102584876 87.93015
 34.05347 65.755 71.01621 0.5264878 0.123320594 70.48972
 34.08417 51.996 56.001312 0.52662075 0.13868038 55.474693
 34.11487 51.699 49.22242 0.5267532 0.13907816 48.695667
 34.14557 27.553 29.261948 0.5268853 0.19050902 28.735062
 34.17627 12.937 13.226379 0.52701694 0.27802458 12.699363
 34.20687 7.083 6.493809 0.52714777 0.37574342 5.9666615
 34.23757 4.385 4.1645865 0.5272786 0.47754598 3.637308
 34.26827 3.073 3.1105735 0.5274091 0.5704515 2.5831647
 34.29897 2.417 2.4772317 0.5275391 0.64322317 1.9496927
 34.32957 2.177 2.0556405 0.5276683 0.67775196 1.5279722
 34.36027 1.156 1.7578464 0.52779746 0.93008167 1.2300489
 34.39097 1.521 1.5401362 0.5279263 0.8108404 1.01221
 34.42167 1.437 1.3759965 0.5280547 0.83420277 0.84794176
 34.45237 1.229 1.2490927 0.5281827 0.90203637 0.72091
 34.48297 1.094 1.1492327 0.5283098 0.95607364 0.62092286
 34.513668 1.198 1.0686784 0.528437 0.91363263 0.5402414
 34.54437 1.062 1.002961 0.5285638 0.9703708 0.47439727
 34.57507 1.0 0.948637 0.52869016 1.0 0.41994688
 34.60577 0.906 0.90321076 0.5288161 1.0505964 0.37439466
 34.63637 1.021 0.8649672 0.5289412 0.9896625 0.33602598
 34.66707 0.917 0.83224607 0.5290664 1.0442761 0.30317968
 34.69777 1.094 0.8041292 0.5291911 0.95607364 0.27493805
 34.72847 0.76 0.7797915 0.5293154 1.1470786 0.25047603
 34.75917 0.854 0.75858545 0.52943933 1.0821091 0.22914612
 34.78977 0.781 0.74006116 0.5295624 1.1315519 0.21049874
 34.82047 0.833 0.7236742 0.52968556 1.0956643 0.19398865
 34.85117 0.896 0.7091589 0.5298082 1.0564429 0.17935069
 34.88187 0.865 0.696242 0.52993053 1.0752066 0.16631146
 34.91247 0.625 0.68473846 0.530052 1.264911 0.15468648
 34.94317 0.74 0.6743797 0.5301735 1.1624764 0.14420623
 34.97387 0.76 0.665052 0.53029454 1.1470786 0.13475747
 35.00457 0.75 0.65662396 0.5304152 1.1547005 0.12620881
 35.03527 0.625 0.6489846 0.5305354 1.264911 0.11844918
 35.06587 0.687 0.64206386 0.53065485 1.2064842 0.111409
 35.09657 0.646 0.63573176 0.5307743 1.2441815 0.10495747
 35.12727 0.719 0.6299443 0.5308933 1.1793306 0.09905104
 35.15797 0.646 0.6246417 0.53101194 1.2441815 0.0936298
 35.18867 0.781 0.6197539 0.53113014 1.1315519 0.08862378
 35.21927 0.667 0.61523706 0.53124756 1.2244388 0.08398949
 35.24997 0.656 0.6109438 0.5313649 1.2346619 0.07957886
 35.28067 0.49 0.6065351 0.5314819 1.4285715 0.075053185
 35.31137 0.698 0.6002419 0.5315985 1.1969397 0.06864343
 35.34207 0.531 0.5565949 0.5317146 1.3723116 0.02488028
 35.37267 0.646 0.5552323 0.53183 1.2441815 0.02340228
 35.40337 0.729 0.55288666 0.5319454 1.171214 0.020941306
 35.43407 0.687 0.5320603 0.5320603 1.2064842 0.0
 35.46477 0.573 0.5321749 0.5321749 1.3210604 0.0
 35.49537 0.625 0.5322886 0.5322886 1.264911 0.0
 35.52607 0.531 0.53240234 0.53240234 1.3723116 0.0
 35.55677 0.552 0.53251565 0.53251565 1.3459548 0.0
 35.58747 0.594 0.53262854 0.53262854 1.2974982 0.0
 35.61817 0.583 0.53274107 0.53274107 1.3096815 0.0
 35.64877 0.542 0.53285336 0.53285277 1.3583145 6.1977784E-7
 35.67947 0.531 0.53296685 0.53296447 1.3723116 2.4215856E-6
 35.71017 0.573 0.53308386 0.53307575 1.3210604 8.118176E-6
 35.74087 0.656 0.5332157 0.5331866 1.2346619 2.9090883E-5
 35.77157 0.635 0.53342366 0.53329706 1.2549117 1.2662515E-4
 35.80217 0.594 0.5349307 0.53340673 1.2974982 0.0015239725
 35.83287 0.719 0.5351206 0.5335164 1.1793306 0.0016042334
 35.86357 0.552 0.53535247 0.5336256 1.3459548 0.0017268419
 35.894268 0.49 0.53623205 0.53373444 1.4285715 0.0024976104
 35.92497 0.49 0.53646153 0.53384286 1.4285715 0.0026186577
 35.95557 0.51 0.53669876 0.5339505 1.4002801 0.0027482456
 35.98627 0.437 0.53694636 0.53405815 1.5127226 0.0028882152
 36.01697 0.479 0.5372045 0.5341653 1.4448816 0.003039173
 36.04767 0.677 0.5374744 0.53427213 1.2153621 0.0032023017
 36.07827 0.49 0.53775644 0.5343782 1.4285715 0.003378278
 36.10897 0.583 0.538054 0.5344841 1.3096815 0.003569884
 36.13967 0.625 0.538368 0.5345897 1.264911 0.0037782886
 36.17037 0.562 0.53870034 0.53469485 1.3339263 0.0040055225
 36.20107 0.656 0.5390535 0.5347996 1.2346619 0.0042539267
 36.23167 0.5 0.5394288 0.5349036 1.4142135 0.004525182
 36.26237 0.448 0.5398319 0.53500754 1.4940357 0.004824371
 36.29307 0.573 0.5402653 0.53511107 1.3210604 0.0051542968
 36.32377 0.542 0.5407335 0.5352142 1.3583145 0.0055193333
 36.35447 0.51 0.5412415 0.5353169 1.4002801 0.005924652
 36.38507 0.417 0.5417935 0.53541887 1.5485741 0.0063746846
 36.41577 0.583 0.5424007 0.53552073 1.3096815 0.0068799877
 36.44647 0.396 0.5430702 0.53562224 1.5891043 0.0074479855
 36.47717 0.552 0.5438129 0.5357233 1.3459548 0.008089533
 36.50787 0.417 0.5446419 0.535824 1.5485741 0.008817932
 36.53847 0.469 0.5455703 0.5359239 1.4602041 0.009646408
 36.569168 0.51 0.5466251 0.5360238 1.4002801 0.010601319
 36.59987 0.396 0.5478291 0.5361232 1.5891043 0.011705885
 36.63057 0.521 0.5492157 0.5362223 1.385419 0.012993374
 36.66117 0.458 0.5508214 0.53632057 1.4776353 0.0145008145
 36.69187 0.583 0.55271447 0.5364188 1.3096815 0.016295634
 36.72257 0.49 0.5549678 0.5365166 1.4285715 0.018451203
 36.75327 0.552 0.5577018 0.53661406 1.3459548 0.021087814
 36.78397 0.479 0.56143624 0.53671104 1.4448816 0.024725169
 36.81457 0.448 0.565542 0.5368073 1.4940357 0.028734654
 36.84527 0.635 0.5707581 0.5369035 1.2549117 0.033854607
 36.87597 0.51 0.57769376 0.5369993 1.4002801 0.04069447
 36.90667 0.604 0.5866322 0.53709465 1.2867125 0.049537513
 36.93737 0.448 0.59893024 0.5371896 1.4940357 0.06174063
 36.96797 0.469 0.61664987 0.5372839 1.4602041 0.079366
 36.99867 0.458 0.6441678 0.537378 1.4776353 0.10678976
 37.02937 0.865 0.6910555 0.5374718 1.0752066 0.15358369
 37.06007 0.927 0.78737676 0.5375651 1.0386282 0.24981163
 37.09077 1.156 1.041944 0.53765804 0.93008167 0.50428605
 37.12137 1.75 1.7035581 0.53775024 0.75592893 1.1658078
 37.15207 3.0 2.872029 0.53784233 0.57735026 2.3341866
 37.18277 3.99 3.647317 0.53793406 0.50062615 3.1093829
 37.21347 3.177 3.0339637 0.5380253 0.5610369 2.4959383
 37.24407 2.125 2.4674828 0.5381159 0.6859943 1.9293668
 37.27477 2.375 2.3346577 0.5382064 0.64888567 1.7964512
 37.30547 1.719 1.7874099 0.53829646 0.7627146 1.2491133
 37.33617 1.156 1.1481061 0.53838617 0.93008167 0.60972
 37.36687 0.708 0.81186444 0.5384754 1.1884568 0.273389
 37.39747 0.656 0.69001067 0.53856397 1.2346619 0.15144673
 37.42817 0.437 0.6426378 0.5386524 1.5127226 0.1039854
 37.45887 0.448 0.6170788 0.53874046 1.4940357 0.07833834
 37.48957 0.531 0.60055584 0.5388281 1.3723116 0.06172776
 37.52027 0.531 0.5891605 0.5389153 1.3723116 0.0502452
 37.55087 0.448 0.58103305 0.5390018 1.4940357 0.04203125
 37.58157 0.5 0.5750436 0.5390882 1.4142135 0.0359554
 37.61227 0.552 0.57057446 0.5391742 1.3459548 0.03140027
 37.64297 0.542 0.5672155 0.5392598 1.3583145 0.027955716
 37.67367 0.74 0.5647016 0.53934497 1.1624764 0.025356675
 37.70427 0.573 0.5628663 0.5394295 1.3210604 0.023436818
 37.73497 0.594 0.56158715 0.5395138 1.2974982 0.022073314
 37.76567 0.562 0.5608095 0.53959775 1.3339263 0.021211743
 37.79637 0.615 0.56051093 0.5396813 1.2751534 0.02082959
 37.82697 0.521 0.5607065 0.53976417 1.385419 0.020942306
 37.85767 0.563 0.5614599 0.5398469 1.3327411 0.021612993
 37.88837 0.563 0.56289744 0.5399293 1.3327411 0.022968214
 37.91907 0.406 0.5652475 0.54001117 1.569412 0.0252363
 37.949768 0.594 0.56893104 0.54009265 1.2974982 0.028838351
 37.98037 0.521 0.57474697 0.54017353 1.385419 0.03457346
 38.01107 0.594 0.58445036 0.5402542 1.2974982 0.044196144
 38.04177 0.51 0.6023694 0.54033446 1.4002801 0.06203496
 38.07247 0.687 0.64369386 0.5404144 1.2064842 0.10327948
 38.10317 0.802 0.7576118 0.54049385 1.116639 0.217118
 38.13377 0.781 1.022866 0.54057264 1.1315519 0.4822933
 38.16447 1.51 1.3952483 0.5406513 0.8137885 0.854597
 38.19517 1.448 1.4933546 0.5407295 0.8310281 0.952625
 38.22587 1.375 1.250596 0.54080737 0.8528029 0.7097886
 38.25657 1.323 1.1295379 0.5408848 0.86940086 0.5886531
 38.28717 1.177 1.0819619 0.54096156 0.9217471 0.5410003
 38.31787 0.781 0.8891111 0.5410382 1.1315519 0.34807292
 38.34857 0.677 0.7071701 0.5411144 1.2153621 0.1660557
 38.37927 0.719 0.61884594 0.5411902 1.1793306 0.077655725
 38.40987 0.49 0.58719546 0.54126537 1.4285715 0.045930102
 38.44057 0.437 0.57415164 0.54134035 1.5127226 0.032811306
 38.47127 0.656 0.5667434 0.5414149 1.2346619 0.025328478
 38.50197 0.51 0.5618152 0.54148906 1.4002801 0.020326104
 38.53267 0.438 0.5583192 0.54156286 1.5109947 0.01675635
 38.56327 0.458 0.55568516 0.541636 1.4776353 0.014049222
 38.59397 0.479 0.5524307 0.5417089 1.4448816 0.010721768
 38.62467 0.458 0.55098486 0.5417814 1.4776353 0.009203429
 38.65537 0.562 0.54981345 0.5418536 1.3339263 0.007959882
 38.68607 0.531 0.54825544 0.5419253 1.3723116 0.006330125
 38.71667 0.573 0.5475634 0.54199636 1.3210604 0.005566985
 38.74737 0.417 0.547 0.5420673 1.5485741 0.004932721
 38.77807 0.625 0.5465393 0.5421378 1.264911 0.00440153
 38.80877 0.479 0.54616 0.5422079 1.4448816 0.003952121
 38.83947 0.583 0.54584605 0.5422776 1.3096815 0.003568452
 38.87007 0.573 0.545586 0.5423466 1.3210604 0.003239379
 38.90077 0.51 0.54536855 0.5424155 1.4002801 0.0029530353
 38.93147 0.396 0.5451871 0.5424839 1.5891043 0.002703159
 38.96217 0.458 0.5450358 0.542552 1.4776353 0.00248379
 38.99277 0.604 0.54491025 0.5426194 1.2867125 0.0022908112
 39.02347 0.49 0.54480565 0.54268664 1.4285715 0.0021189696
 39.05417 0.51 0.5447193 0.5427535 1.4002801 0.001965806
 39.08487 0.469 0.54464865 0.5428199 1.4602041 0.0018286991
 39.11557 0.479 0.5445914 0.54288596 1.4448816 0.0017054749
 39.14617 0.448 0.544546 0.54295135 1.4940357 0.001594704
 39.17687 0.625 0.5445106 0.54301655 1.264911 0.0014940688
 39.20757 0.396 0.544484 0.54308134 1.5891043 0.0014026822
 39.23827 0.5 0.5444651 0.5431457 1.4142135 0.0013194408
 39.26897 0.625 0.5444531 0.5432097 1.264911 0.0012434026
 39.29957 0.594 0.54444706 0.54327303 1.2974982 0.0011740029
 39.33027 0.521 0.54444623 0.5433362 1.385419 0.0011100486
 39.36097 0.594 0.54445016 0.543399 1.2974982 0.0010511869
 39.39167 0.521 0.5444582 0.5434613 1.385419 9.968893E-4
 39.42237 0.469 0.54446995 0.54352325 1.4602041 9.4669475E-4
 39.45297 0.448 0.5444849 0.5435846 1.4940357 9.0036343E-4
 39.48367 0.531 0.54450274 0.5436457 1.3723116 8.570237E-4
 39.51437 0.521 0.54452276 0.5437064 1.385419 8.1637927E-4
 39.54507 0.5 0.5445441 0.54376674 1.4142135 7.773814E-4
 39.57567 0.542 0.5445631 0.5438264 1.3583145 7.366927E-4
 39.60637 0.51 0.5445624 0.5438859 1.4002801 6.764665E-4
 39.63707 0.51 0.5441921 0.543945 1.4002801 2.4708558E-4
 39.66777 0.5 0.54423696 0.54400367 1.4142135 2.3327E-4
 39.69847 0.479 0.54427123 0.54406196 1.4448816 2.0927528E-4
 39.72907 0.437 0.5441196 0.5441196 1.5127226 0.0
 39.75977 0.469 0.54417706 0.54417706 1.4602041 0.0
 39.79047 0.51 0.5442341 0.5442341 1.4002801 0.0
 39.82117 0.479 0.5442907 0.5442907 1.4448816 0.0
 39.85187 0.458 0.544347 0.544347 1.4776353 0.0
 39.88247 0.562 0.5444026 0.5444026 1.3339263 0.0
 39.91317 0.521 0.54445803 0.54445803 1.385419 0.0
 39.94387 0.49 0.54451305 0.54451305 1.4285715 0.0
 39.97457 0.458 0.54456764 0.54456764 1.4776353 0.0
 40.00527 0.563 0.5446218 0.5446218 1.3327411 0.0
 40.03587 0.542 0.5446754 0.5446754 1.3583145 0.0
 40.06657 0.583 0.5447288 0.5447288 1.3096815 0.0
 40.09727 0.604 0.54478174 0.54478174 1.2867125 0.0
 40.12797 0.615 0.5448343 0.5448343 1.2751534 0.0
 40.15857 0.458 0.5448863 0.5448863 1.4776353 0.0
 40.18927 0.5 0.544938 0.544938 1.4142135 0.0
 40.21997 0.437 0.5449894 0.5449894 1.5127226 0.0
 40.25067 0.562 0.5450403 0.5450403 1.3339263 0.0
 40.28137 0.51 0.54509085 0.54509085 1.4002801 0.0
 40.31197 0.427 0.5451408 0.5451408 1.5303334 0.0
 40.34267 0.51 0.5452 0.5451905 1.4002801 9.494802E-6
 40.37337 0.667 0.54527664 0.5452398 1.2244388 3.6842695E-5
 40.40407 0.594 0.5454111 0.5452887 1.2974982 1.2241185E-4
 40.43477 0.625 0.54577076 0.54533714 1.264911 4.3360522E-4
 40.46537 0.562 0.54723567 0.54538506 1.3339263 0.0018506018
 40.49607 0.604 0.5671546 0.54543275 1.2867125 0.021721864
 40.52677 0.615 0.5682689 0.54548 1.2751534 0.022788884
 40.55747 0.667 0.5699781 0.54552686 1.2244388 0.02445129
 40.58817 0.427 0.5807057 0.5455733 1.5303334 0.035132382
 40.61877 0.604 0.58230036 0.5456192 1.2867125 0.036681153
 40.64947 0.719 0.5840056 0.5456648 1.1793306 0.038340766
 40.68017 0.646 0.58582586 0.54571 1.2441815 0.0401158
 40.71087 0.458 0.5877721 0.54575485 1.4776353 0.04201721
 40.74147 0.583 0.58984876 0.5457991 1.3096815 0.04404963
 40.77217 0.521 0.5920844 0.5458431 1.385419 0.04624129
 40.80287 0.615 0.5944876 0.5458867 1.2751534 0.04860092
 40.83357 0.552 0.59707606 0.54592985 1.3459548 0.051146213
 40.86427 0.635 0.59986985 0.54597265 1.2549117 0.053897183
 40.89487 0.646 0.60288024 0.54601485 1.2441815 0.05686537
 40.92557 0.635 0.6061547 0.5460568 1.2549117 0.060097836
 40.95627 0.5 0.60971284 0.5460984 1.4142135 0.06361445
 40.98697 0.625 0.61358917 0.54613954 1.264911 0.06744966
 41.01767 0.677 0.6178234 0.54618025 1.2153621 0.07164318
 41.04827 0.448 0.62244415 0.5462205 1.4940357 0.0762237
 41.078968 0.594 0.6275377 0.54626036 1.2974982 0.08127736
 41.10967 0.531 0.6331518 0.5462999 1.3723116 0.08685193
 41.14037 0.625 0.6393608 0.546339 1.264911 0.0930218
 41.17107 0.729 0.64625275 0.5463777 1.171214 0.09987504
 41.20167 0.615 0.6539032 0.54641587 1.2751534 0.10748736
 41.23237 0.573 0.66249216 0.5464537 1.3210604 0.11603841
 41.26307 0.615 0.67214644 0.5464912 1.2751534 0.12565525
 41.29377 0.573 0.6830513 0.5465283 1.3210604 0.13652301
 41.32437 0.76 0.69538623 0.5465648 1.1470786 0.14882144
 41.35507 0.583 0.70951945 0.54660106 1.3096815 0.16291837
 41.38577 0.792 0.72576225 0.5466369 1.1236664 0.17912535
 41.41647 0.729 0.7445598 0.54667234 1.171214 0.19788745
 41.44717 0.76 0.7664806 0.5467074 1.1470786 0.21977323
 41.47777 0.844 0.7921607 0.5467419 1.0885009 0.24541885
 41.50847 0.812 0.822747 0.54677606 1.1097419 0.2759709
 41.53917 0.865 0.85944915 0.5468099 1.0752066 0.3126393
 41.56987 1.01 0.9040261 0.5468433 0.9950372 0.3571828
 41.60057 0.958 0.95891833 0.54687625 1.0216855 0.41204205
 41.63117 1.323 1.0273219 0.54690874 0.86940086 0.48041314
 41.66187 1.469 1.1147774 0.5469409 0.8250668 0.5678366
 41.69257 1.76 1.2287564 0.5469727 0.75377834 0.6817838
 41.72327 2.063 1.3815792 0.54700404 0.69622624 0.8345751
 41.75397 3.052 1.5947694 0.547035 0.5724107 1.0477344
 41.78457 3.719 1.9082456 0.54706544 0.51854557 1.3611802
 41.81527 4.927 2.4114182 0.5470956 0.45051444 1.8643225
 41.84597 6.135 3.3372114 0.5471253 0.40373158 2.790086
 41.87667 8.718 5.4873047 0.5471546 0.33868158 4.9401503
 41.90727 12.791 11.15239 0.54718345 0.27960682 10.6052065
 41.93797 23.459 23.669796 0.54721195 0.20646444 23.122585
 41.96867 38.272 40.937687 0.54724 0.16164394 40.39045
 41.99937 45.392 47.671673 0.54726774 0.14842612 47.124405
 42.03007 33.799 37.048393 0.547295 0.17200777 36.501095
 42.06067 27.467 28.882282 0.5473218 0.19080703 28.33496
 42.09137 28.292 27.907518 0.54734826 0.18800446 27.36017
 42.12207 22.396 22.732536 0.5473743 0.21130744 22.185162
 42.15277 13.0 13.100819 0.54739994 0.2773501 12.553418
 42.18347 7.822 6.3691525 0.5474252 0.35755354 5.8217273
 42.21407 4.5 3.4224412 0.54744995 0.47140452 2.8749912
 42.24477 2.989 2.3358939 0.5474744 0.57841164 1.7884196
 42.27547 2.427 1.8468722 0.5474984 0.64189667 1.2993737
 42.30617 1.948 1.5520606 0.547522 0.7164824 1.0045385
 42.33687 1.656 1.3499888 0.5475452 0.77708733 0.8024437
 42.36747 1.396 1.2045808 0.5475679 0.8463642 0.6570129
 42.39817 1.302 1.0955383 0.5475903 0.87638414 0.5479479
 42.42887 1.073 1.0118494 0.5476123 0.96538407 0.4642371
 42.45957 1.146 0.946159 0.5476339 0.9341308 0.39852515
 42.49017 0.896 0.8937877 0.5476549 1.0564429 0.34613276
 42.52087 0.854 0.8510547 0.5476757 1.0821091 0.30337903
 42.55157 0.74 0.81583655 0.54769605 1.1624764 0.26814047
 42.58227 0.76 0.7864582 0.547716 1.1470786 0.23874216
 42.61297 0.771 0.7616894 0.5477355 1.1388664 0.21395388
 42.64357 0.896 0.74068093 0.5477546 1.0564429 0.19292633
 42.67427 0.813 0.7225827 0.5477733 1.1090592 0.17480941
 42.70497 0.833 0.7069325 0.5477916 1.0956643 0.15914086
 42.73567 0.75 0.693306 0.54780954 1.1547005 0.14549647
 42.76637 0.677 0.6813677 0.547827 1.2153621 0.13354068
 42.79697 0.708 0.67088526 0.54784405 1.1884568 0.12304119
 42.82767 0.75 0.661567 0.54786074 1.1547005 0.11370622
 42.85837 0.823 0.6532748 0.547877 1.1023006 0.10539777
 42.88907 0.677 0.64586294 0.54789287 1.2153621 0.09797005
 42.91977 0.5 0.6392108 0.5479083 1.4142135 0.09130248
 42.95037 0.604 0.6332399 0.5479233 1.2867125 0.08531658
 42.98107 0.688 0.6278242 0.5479379 1.205607 0.07988622
 43.01177 0.531 0.622919 0.5479522 1.3723116 0.0749668
 43.04247 0.781 0.6184832 0.547966 1.1315519 0.07051715
 43.07307 0.552 0.6145781 0.5479794 1.3459548 0.06659872
 43.10377 0.667 0.6129899 0.5479924 1.2244388 0.06499747
 43.134468 0.719 0.6096762 0.548005 1.1793306 0.061671153
 43.16517 0.698 0.606704 0.5480172 1.1969397 0.058686793
 43.19587 0.531 0.60493916 0.548029 1.3723116 0.056910213
 43.22647 0.635 0.6024249 0.54804033 1.2549117 0.054384593
 43.25717 0.625 0.60011137 0.5480513 1.264911 0.052060068
 43.28787 0.625 0.59798926 0.54806185 1.264911 0.049927406
 43.31857 0.573 0.5960425 0.548072 1.3210604 0.047970492
 43.34927 0.708 0.5942571 0.54808176 1.1884568 0.046175364
 43.37987 0.615 0.5926159 0.54809105 1.2751534 0.044524863
 43.41057 0.583 0.5910889 0.5481 1.3096815 0.04298889
 43.44127 0.708 0.58963203 0.5481085 1.1884568 0.041523512
 43.47197 0.573 0.5880765 0.5481166 1.3210604 0.03995982
 43.50267 0.573 0.585558 0.5481244 1.3210604 0.037433673
 43.53327 0.458 0.56608224 0.54813164 1.4776353 0.017950641
 43.56397 0.594 0.56590533 0.5481385 1.2974982 0.017766828
 43.59467 0.698 0.56567806 0.548145 1.1969397 0.017533062
 43.62537 0.615 0.5649837 0.5481511 1.2751534 0.016832618
 43.65597 0.667 0.5560103 0.54815674 1.2244388 0.007853597
 43.68667 0.604 0.5564977 0.548162 1.2867125 0.00833571
 43.71737 0.781 0.55703056 0.5481669 1.1315519 0.008863718
 43.74807 0.667 0.557615 0.5481713 1.2244388 0.009443662
 43.77877 0.74 0.55825794 0.54817533 1.1624764 0.010082586
 43.80937 0.646 0.5589651 0.548179 1.2441815 0.010786105
 43.84007 0.583 0.55975115 0.5481822 1.3096815 0.011568989
 43.87077 0.51 0.56062555 0.548185 1.4002801 0.012440557
 43.90147 0.708 0.5616022 0.5481874 1.1884568 0.013414785
 43.93217 0.646 0.5626979 0.5481894 1.2441815 0.014508474
 43.96277 0.615 0.5639283 0.548191 1.2751534 0.01573732
 43.99347 0.521 0.5653271 0.5481922 1.385419 0.017134942
 44.02417 0.542 0.56692106 0.548193 1.3583145 0.018728115
 44.05487 0.625 0.5687486 0.54819334 1.264911 0.020555267
 44.08557 0.396 0.570858 0.5481933 1.5891043 0.02266471
 44.11617 0.479 0.5733013 0.54819286 1.4448816 0.025108464
 44.14687 0.615 0.5761749 0.54819196 1.2751534 0.027982915
 44.17757 0.51 0.5795745 0.5481907 1.4002801 0.031383798
 44.20827 0.563 0.5836376 0.54818904 1.3327411 0.035448547
 44.23887 0.542 0.58853054 0.54818696 1.3583145 0.040343575
 44.26957 0.594 0.594543 0.5481845 1.2974982 0.046358503
 44.30027 0.583 0.60201967 0.5481816 1.3096815 0.05383808
 44.33097 0.687 0.6114821 0.5481783 1.2064842 0.063303754
 44.36167 0.792 0.6237101 0.5481746 1.1236664 0.07553548
 44.39227 0.719 0.63987 0.5481705 1.1793306 0.09169951
 44.42297 0.906 0.6621895 0.548166 1.0505964 0.11402353
 44.45367 0.771 0.6946411 0.54816103 1.1388664 0.14648004
 44.48437 0.906 0.74566925 0.5481557 1.0505964 0.19751354
 44.515068 1.135 0.836932 0.54814994 0.9386465 0.28878206
 44.54567 1.385 1.0375942 0.5481438 0.8497186 0.48945034
 44.57637 1.823 1.5537505 0.54813725 0.74063915 1.0056133
 44.60707 2.531 2.7284093 0.5481303 0.6285704 2.180279
 44.63777 4.688 4.5665708 0.5481229 0.4618556 4.018448
 44.66847 5.697 5.900289 0.54811513 0.41896418 5.352174
 44.69907 5.135 5.23553 0.54810697 0.44129577 4.6874228
 44.72977 3.937 3.980387 0.5480984 0.50398463 3.4322884
 44.76047 3.604 3.605083 0.5480893 0.5267537 3.0569935
 44.79117 3.844 3.506645 0.5480799 0.5100448 2.958565
 44.82177 2.437 2.6776996 0.54807013 0.6405783 2.1296294
 44.85247 1.5 1.6820236 0.54805994 0.8164966 1.1339638
 44.88317 1.167 1.078255 0.5480493 0.92568785 0.5302058
 44.91387 0.937 0.8258951 0.54803824 1.033071 0.27785683
 44.94457 0.781 0.73003787 0.54802674 1.1315519 0.18201111
 44.97517 0.688 0.68379796 0.54801494 1.205607 0.135783
 45.00587 0.583 0.6546173 0.54800266 1.3096815 0.10661462
 45.03657 0.75 0.6341697 0.54799 1.1547005 0.08617968
 45.06727 0.552 0.61916506 0.5479769 1.3459548 0.07118813
 45.09797 0.687 0.60780615 0.54796344 1.2064842 0.059842728
 45.12857 0.573 0.59901756 0.54794955 1.3210604 0.051068008
 45.15927 0.615 0.59202456 0.54793525 1.2751534 0.044089317
 45.18997 0.708 0.5863834 0.5479205 1.1884568 0.038462855
 45.22067 0.573 0.58176315 0.5479054 1.3210604 0.033857737
 45.25137 0.49 0.577929 0.5478899 1.4285715 0.030039122
 45.28197 0.531 0.57472116 0.547874 1.3723116 0.026847165
 45.31267 0.583 0.5719904 0.54785764 1.3096815 0.024132725
 45.34337 0.688 0.56965333 0.5478409 1.205607 0.021812446
 45.37407 0.573 0.5676369 0.5478237 1.3210604 0.019813154
 45.40467 0.542 0.5658901 0.5478062 1.3583145 0.018083885
 45.43537 0.719 0.5643558 0.54778826 1.1793306 0.016567579
 45.46607 0.542 0.5630049 0.54776984 1.3583145 0.015235076
 45.49677 0.51 0.56180876 0.54775107 1.4002801 0.014057684
 45.52747 0.49 0.560744 0.5477319 1.4285715 0.013012153
 45.55807 0.562 0.55979496 0.5477123 1.3339263 0.01208265
 45.58877 0.417 0.5589391 0.5476923 1.5485741 0.011246837
 45.61947 0.5 0.5581669 0.54767185 1.4142135 0.010495085
 45.65017 0.521 0.55746746 0.54765105 1.385419 0.0098164445
 45.68087 0.552 0.5568315 0.5476298 1.3459548 0.009201713
 45.71147 0.604 0.55625325 0.5476082 1.2867125 0.008645033
 45.74217 0.479 0.55572194 0.54758614 1.4448816 0.008135791
 45.77287 0.437 0.555234 0.5475637 1.5127226 0.007670343
 45.80357 0.49 0.5547846 0.54754084 1.4285715 0.007243789
 45.83427 0.417 0.55436945 0.54751754 1.5485741 0.0068519064
 45.86487 0.531 0.55398625 0.54749393 1.3723116 0.006492292
 45.89557 0.51 0.55362904 0.54746985 1.4002801 0.006159185
 45.92627 0.594 0.55329645 0.54744536 1.2974982 0.005851101
 45.95697 0.552 0.552986 0.54742044 1.3459548 0.005565596
 45.98757 0.552 0.55269665 0.54739517 1.3459548 0.0053014415
 46.01827 0.49 0.5524243 0.5473695 1.4285715 0.0050548473
 46.04897 0.594 0.5521684 0.5473433 1.2974982 0.0048250854
 46.07967 0.542 0.55192745 0.5473168 1.3583145 0.0046106516
 46.11037 0.542 0.55170006 0.54728985 1.3583145 0.0044102133
 46.14097 0.458 0.5514843 0.54726255 1.4776353 0.004221728
 46.17167 0.531 0.5512766 0.54723483 1.3723116 0.0040418347
 46.20237 0.49 0.55107176 0.54720664 1.4285715 0.0038651496
 46.23307 0.417 0.55084956 0.54717803 1.5485741 0.00367153
 46.26377 0.51 0.55051154 0.54714906 1.4002801 0.0033624829
 46.29437 0.604 0.5483781 0.5471198 1.2867125 0.0012583347
 46.32507 0.542 0.54829276 0.54709 1.3583145 0.0012028175
 46.35577 0.51 0.5481966 0.5470598 1.4002801 0.0011368826
 46.38647 0.49 0.5480416 0.54702914 1.4285715 0.001012473
 46.41717 0.396 0.5469981 0.5469981 1.5891043 0.0
 46.44777 0.615 0.5469668 0.5469668 1.2751534 0.0
 46.47847 0.49 0.54693496 0.54693496 1.4285715 0.0
 46.50917 0.51 0.5469027 0.5469027 1.4002801 0.0
 46.53987 0.51 0.54687005 0.54687005 1.4002801 0.0
 46.57047 0.5 0.5468371 0.5468371 1.4142135 0.0
 46.60117 0.479 0.5468036 0.5468036 1.4448816 0.0
 46.63187 0.417 0.54676974 0.54676974 1.5485741 0.0
 46.66257 0.531 0.5467354 0.5467354 1.3723116 0.0
 46.69327 0.51 0.5467007 0.5467007 1.4002801 0.0
 46.72387 0.531 0.5466657 0.5466657 1.3723116 0.0
 46.75457 0.583 0.54663026 0.54663026 1.3096815 0.0
 46.78527 0.552 0.5465943 0.5465943 1.3459548 0.0
 46.81597 0.51 0.54655796 0.54655796 1.4002801 0.0
 46.84667 0.531 0.54652125 0.54652125 1.3723116 0.0
 46.87727 0.5 0.54648423 0.54648423 1.4142135 0.0
 46.90797 0.51 0.5464467 0.5464467 1.4002801 0.0
 46.93867 0.479 0.5464087 0.5464087 1.4448816 0.0
 46.96937 0.521 0.5463704 0.5463704 1.385419 0.0
 47.00007 0.406 0.5463316 0.5463316 1.569412 0.0
 47.03067 0.615 0.5463033 0.54629254 1.2751534 1.07296655E-5
 47.06137 0.542 0.5462923 0.54625297 1.3583145 3.938244E-5
 47.09207 0.365 0.5463348 0.546213 1.6552118 1.2186897E-4
 47.12277 0.49 0.54656315 0.54617256 1.4285715 3.9058627E-4
 47.15337 0.406 0.5476246 0.54613185 1.569412 0.001492706
 47.18407 0.542 0.5602449 0.54609066 1.3583145 0.014154248
 47.21477 0.458 0.56077147 0.546049 1.4776353 0.014722438
 47.24547 0.521 0.56142026 0.546007 1.385419 0.015413286
 47.27617 0.469 0.5625143 0.54596454 1.4602041 0.016549751
 47.30677 0.615 0.5693275 0.5459218 1.2751534 0.02340563
 47.33747 0.51 0.5702051 0.5458786 1.4002801 0.024326539
 47.36817 0.406 0.5711379 0.5458349 1.569412 0.025302967
 47.39887 0.542 0.5721303 0.54579085 1.3583145 0.026339501
 47.42957 0.542 0.5731875 0.5457463 1.3583145 0.027441131
 47.46017 0.625 0.5743107 0.5457016 1.264911 0.02860911
 47.49087 0.458 0.5755142 0.5456563 1.4776353 0.0298579
 47.52157 0.531 0.576801 0.5456106 1.3723116 0.031190414
 47.55227 0.49 0.5781788 0.5455645 1.4285715 0.032614347
 47.58297 0.448 0.5796562 0.545518 1.4940357 0.03413822
 47.61357 0.552 0.5812368 0.5454712 1.3459548 0.03576557
 47.644268 0.531 0.58294255 0.54542387 1.3723116 0.0375187
 47.67497 0.5 0.5847804 0.5453761 1.4142135 0.03940425
 47.70567 0.531 0.5867638 0.54532796 1.3723116 0.041435838
 47.73627 0.583 0.5889004 0.54527956 1.3096815 0.04362084
 47.76697 0.563 0.59122294 0.5452306 1.3327411 0.045992333
 47.79767 0.542 0.5937443 0.5451812 1.3583145 0.048563056
 47.82837 0.542 0.5964875 0.54513144 1.3583145 0.05135606
 47.85907 0.51 0.5994789 0.54508126 1.4002801 0.054397643
 47.88967 0.615 0.6027367 0.54503083 1.2751534 0.057705916
 47.92037 0.479 0.6063193 0.5449798 1.4448816 0.061339505
 47.95107 0.729 0.6102568 0.54492843 1.171214 0.065328404
 47.98177 0.583 0.61459726 0.5448766 1.3096815 0.06972069
 48.01247 0.469 0.6193969 0.54482436 1.4602041 0.07457255
 48.04307 0.552 0.62470233 0.5447719 1.3459548 0.079930454
 48.07377 0.615 0.63063014 0.54471886 1.2751534 0.08591129
 48.10447 0.562 0.63725734 0.5446654 1.3339263 0.09259191
 48.13517 0.635 0.64469796 0.5446115 1.2549117 0.10008642
 48.16587 0.604 0.65309 0.5445573 1.2867125 0.108532704
 48.19647 0.635 0.66256624 0.5445028 1.2549117 0.11806347
 48.22717 0.604 0.6734415 0.5444477 1.2867125 0.12899384
 48.25787 0.687 0.6858711 0.5443922 1.2064842 0.14147896
 48.28857 0.708 0.7002145 0.5443363 1.1884568 0.15587822
 48.319168 0.802 0.71682227 0.5442802 1.116639 0.17254208
 48.34987 0.802 0.73634356 0.5442235 1.116639 0.1921201
 48.38057 0.698 0.75942045 0.5441663 1.1969397 0.21525411
 48.41127 0.875 0.7869757 0.5441088 1.069045 0.24286687
 48.44197 0.865 0.82025117 0.5440509 1.0752066 0.2762003
 48.47257 1.062 0.8607986 0.5439927 0.9703708 0.31680587
 48.50327 1.115 0.91130376 0.543934 0.94702744 0.36736974
 48.53397 1.229 0.9751368 0.5438748 0.90203637 0.43126202
 48.56467 1.375 1.0576574 0.54381526 0.8528029 0.5138421
 48.59537 1.583 1.1677325 0.5437553 0.7948031 0.6239772
 48.62597 2.364 1.3205862 0.5436951 0.6503936 0.77689105
 48.65667 3.229 1.5469837 0.5436343 0.55650103 1.0033494
 48.68737 3.563 1.9090397 0.5435731 0.52977574 1.3654667
 48.71807 4.688 2.5736907 0.5435115 0.4618556 2.030179
 48.74877 6.354 4.0551596 0.54344946 0.39671296 3.51171
 48.77937 8.708 7.6282787 0.54338723 0.33887598 7.0848913
 48.81007 15.155 15.119799 0.5433244 0.2568751 14.576474
 48.84077 25.063 26.216482 0.5432612 0.19974847 25.673222
 48.87147 34.188 34.72508 0.5431976 0.1710264 34.18188
 48.90207 29.386 32.122696 0.5431337 0.18447171 31.579561
 48.93277 21.342 23.880306 0.54306924 0.21646239 23.337236
 48.96347 18.592 19.830545 0.5430044 0.23191933 19.287542
 48.99417 20.238 19.933603 0.54293907 0.2222881 19.390665
 49.02487 17.136 17.645504 0.54287344 0.24157126 17.10263
 49.05547 12.167 11.655532 0.5428075 0.28668717 11.112724
 49.08617 7.333 6.2948422 0.54274106 0.36928287 5.7521014
 49.11687 5.062 3.3286352 0.5426741 0.44446638 2.7859612
 49.14757 3.229 2.0977235 0.54260683 0.55650103 1.5551165
 49.17827 2.396 1.604424 0.5425391 0.6460358 1.0618849
 49.20887 1.948 1.3530046 0.5424712 0.7164824 0.8105334
 49.23957 1.625 1.1894876 0.5424026 0.78446454 0.6470849
 49.27027 1.26 1.0724176 0.5423337 0.8908708 0.53008384
 49.30097 1.396 0.98496073 0.54226434 0.8463642 0.4426964
 49.33167 1.198 0.91776615 0.5421946 0.91363263 0.37557155
 49.36227 0.948 0.86512804 0.5421246 1.02706 0.3230034
 49.39297 1.042 0.82280284 0.54205406 0.9796392 0.28074878
 49.42367 0.875 0.7883564 0.54198307 1.069045 0.24637334
 49.45437 0.844 0.7599498 0.5419117 1.0885009 0.21803811
 49.48497 0.844 0.7364046 0.54184014 1.0885009 0.19456446
 49.51567 0.885 0.71777534 0.5417679 1.062988 0.17600742
 49.54637 0.781 0.70072 0.5416953 1.1315519 0.15902473
 49.57707 0.656 0.68608016 0.5416223 1.2346619 0.14445789
 49.60777 0.573 0.6734626 0.54154885 1.3210604 0.1319138
 49.63837 0.708 0.6631527 0.54147524 1.1884568 0.12167745
 49.66907 0.75 0.65348494 0.541401 1.1547005 0.11208391
 49.699768 0.677 0.6449672 0.54132634 1.2153621 0.10364086
 49.73047 0.531 0.6374258 0.5412513 1.3723116 0.09617447
 49.76117 0.802 0.63071924 0.54117584 1.116639 0.08954343
 49.79177 0.635 0.6247517 0.5411002 1.2549117 0.08365147
 49.82247 0.479 0.6193842 0.5410239 1.4448816 0.07836034
 49.85317 0.625 0.61455894 0.5409472 1.264911 0.07361172
 49.88387 0.604 0.6102084 0.54087013 1.2867125 0.06933827
 49.91457 0.51 0.60627615 0.5407926 1.4002801 0.06548357
 49.94517 0.594 0.6027265 0.5407149 1.2974982 0.0620116
 49.97587 0.521 0.59949356 0.5406366 1.385419 0.058856923
 50.00657 0.656 0.5965556 0.5405579 1.2346619 0.055997696
 50.03727 0.458 0.5938832 0.54047877 1.4776353 0.053404454
 50.06787 0.646 0.59145945 0.5403995 1.2441815 0.051059976
 50.09857 0.604 0.5892455 0.5403195 1.2867125 0.048925966
 50.12927 0.542 0.5872319 0.54023916 1.3583145 0.046992738
 50.15997 0.583 0.58540326 0.5401584 1.3096815 0.045244914
 50.19067 0.562 0.5837477 0.5400772 1.3339263 0.04367047
 50.22127 0.625 0.58226407 0.5399959 1.264911 0.042268198
 50.25197 0.583 0.5810057 0.5399139 1.3096815 0.04109181
 50.28267 0.531 0.57980675 0.53983146 1.3723116 0.039975267
 50.31337 0.458 0.5787471 0.53974867 1.4776353 0.038998384
 50.34407 0.458 0.57782364 0.53966546 1.4776353 0.038158175
 50.37467 0.469 0.5770397 0.53958213 1.4602041 0.037457626
 50.40537 0.635 0.5764264 0.5394981 1.2549117 0.036928326
 50.43607 0.51 0.5758985 0.53941363 1.4002801 0.036484905
 50.46677 0.698 0.575501 0.5393288 1.1969397 0.03617225
 50.49747 0.656 0.57522595 0.5392435 1.2346619 0.03598241
 50.52807 0.5 0.5750403 0.53915817 1.4142135 0.035882104
 50.55877 0.521 0.5748058 0.5390721 1.385419 0.035733733
 50.58947 0.51 0.57388324 0.5389856 1.4002801 0.03489766
 50.62017 0.51 0.56274545 0.5388987 1.4002801 0.02384674
 50.65077 0.604 0.56385624 0.5388117 1.2867125 0.025044555
 50.68147 0.531 0.5651119 0.538724 1.3723116 0.026387844
 50.71217 0.49 0.5662278 0.5386359 1.4285715 0.02759188
 50.74287 0.542 0.5624937 0.5385474 1.3583145 0.02394632
 50.77357 0.656 0.5652418 0.53845847 1.2346619 0.02678334
 50.80417 0.51 0.5685195 0.5383694 1.4002801 0.030150035
 50.83487 0.542 0.5724984 0.53827965 1.3583145 0.0342187
 50.86557 0.729 0.5773727 0.53818953 1.171214 0.039183192
 50.89627 0.583 0.5834301 0.538099 1.3096815 0.04533112
 50.92697 0.521 0.5910885 0.53800803 1.385419 0.05308047
 50.95757 0.646 0.600958 0.53791696 1.2441815 0.06304107
 50.98827 0.667 0.6142031 0.53782517 1.2244388 0.076377936
 51.01897 0.833 0.6328023 0.53773296 1.0956643 0.09506936
 51.04967 0.802 0.66059023 0.5376404 1.116639 0.12294986
 51.080368 1.104 0.7055946 0.53754735 0.9517337 0.16804722
 51.11097 1.167 0.7881466 0.53745425 0.92568785 0.25069237
 51.14167 1.521 0.96842575 0.5373604 0.8108404 0.4310653
 51.17237 1.646 1.3875514 0.53726625 0.7794443 0.8502852
 51.20307 2.25 2.236806 0.5371716 0.6666667 1.6996343
 51.23367 3.562 3.490919 0.5370769 0.5298501 2.9538424
 51.26437 4.343 4.555253 0.5369814 0.47984955 4.0182714
 51.29507 4.468 4.4587774 0.53688556 0.4730896 3.921892
 51.32577 3.354 3.5097966 0.5367893 0.5460325 2.9730074
 51.35647 2.802 2.8709562 0.5366926 0.59740096 2.3342636
 51.38707 2.74 2.8149793 0.5365959 0.6041221 2.2783833
 51.41777 2.562 2.751857 0.53649837 0.624756 2.2153585
 51.44847 2.177 2.190357 0.5364005 0.67775196 1.6539564
 51.47917 1.542 1.4908489 0.53630215 0.80530024 0.9545467
 51.50987 1.052 1.0120449 0.53620344 0.97497195 0.4758415
 51.54047 0.865 0.78181404 0.5361047 1.0752066 0.24570936
 51.57117 0.719 0.6887567 0.53600514 1.1793306 0.15275154
 51.60187 0.635 0.6478975 0.53590524 1.2549117 0.11199229
 51.63257 0.604 0.62452817 0.53580487 1.2867125 0.0887233
 51.66327 0.573 0.6086097 0.53570414 1.3210604 0.07290558
 51.69387 0.552 0.59708524 0.5356033 1.3459548 0.061481968
 51.72457 0.583 0.58848083 0.5355017 1.3096815 0.052979097
 51.75527 0.74 0.5820498 0.53539973 1.1624764 0.046650045
 51.78597 0.542 0.5773428 0.5352974 1.3583145 0.042045407
 51.81657 0.521 0.57418853 0.53519493 1.385419 0.038993582
 51.84727 0.521 0.57268417 0.53509176 1.385419 0.03759244
 51.87797 0.521 0.57353747 0.5349881 1.385419 0.03854936
 51.90867 0.604 0.5790624 0.5348841 1.2867125 0.0441783
 51.93937 0.625 0.5955652 0.5347797 1.264911 0.060785484
 51.96997 0.583 0.6341746 0.53467524 1.3096815 0.09949938
 52.00067 0.656 0.70215005 0.53457 1.2346619 0.16758004
 52.03137 0.74 0.77996904 0.53446436 1.1624764 0.24550469
 52.06207 0.979 0.81097966 0.53435826 1.0106683 0.27662137
 52.09277 0.771 0.7658705 0.5342518 1.1388664 0.23161866
 52.12337 0.615 0.7086905 0.5341453 1.2751534 0.17454518
 52.15407 0.667 0.68763655 0.53403807 1.2244388 0.1535985
 52.18477 0.698 0.68960524 0.53393036 1.1969397 0.15567487
 52.21547 0.74 0.67101884 0.5338223 1.1624764 0.13719659
 52.24617 0.635 0.62722695 0.53371376 1.2549117 0.093513176
 52.27677 0.646 0.5874284 0.5336052 1.2441815 0.053823136
 52.30747 0.594 0.56383055 0.5334959 1.2974982 0.030334622
 52.33817 0.458 0.5531377 0.5333862 1.4776353 0.019751543
 52.36887 0.5 0.5485002 0.5332761 1.4142135 0.015224108
 52.39947 0.5 0.5460045 0.5331659 1.4142135 0.012838596
 52.43017 0.458 0.544277 0.53305495 1.4776353 0.01122204
 52.46087 0.563 0.5429394 0.5329436 1.3327411 0.009995844
 52.49157 0.49 0.54185206 0.53283185 1.4285715 0.009020206
 52.52227 0.5 0.5409412 0.5327197 1.4142135 0.008221527
 52.55287 0.552 0.540163 0.5326075 1.3459548 0.007555479
 52.58357 0.49 0.5394806 0.5324945 1.4285715 0.006986141
 52.61427 0.458 0.53887534 0.5323811 1.4776353 0.00649424
 52.64497 0.49 0.5383314 0.53226733 1.4285715 0.0060640806
 52.67567 0.562 0.5378372 0.5321531 1.3339263 0.0056841117
 52.70627 0.49 0.5373856 0.53203887 1.4285715 0.0053467
 52.73697 0.448 0.53696597 0.53192383 1.4940357 0.0050421255
 52.76767 0.458 0.536576 0.53180844 1.4776353 0.0047675795
 52.79837 0.563 0.5362108 0.53169256 1.3327411 0.0045181913
 52.82907 0.531 0.5358669 0.53157634 1.3723116 0.0042905672
 52.85967 0.458 0.535542 0.53146005 1.4776353 0.004081944
 52.89037 0.49 0.53523153 0.531343 1.4285715 0.0038884922
 52.92107 0.583 0.5349337 0.53122556 1.3096815 0.003708135
 52.95177 0.677 0.53464466 0.53110766 1.2153621 0.0035369876
 52.98237 0.479 0.5343577 0.53098977 1.4448816 0.0033679404
 53.01307 0.469 0.53405154 0.5308711 1.4602041 0.0031804512
 53.04377 0.417 0.5336437 0.530752 1.5485741 0.0028917345
 53.07447 0.531 0.53208035 0.5306325 1.3723116 0.001447865
 53.10517 0.448 0.53191537 0.5305126 1.4940357 0.0014027865
 53.13577 0.49 0.5317833 0.53039265 1.4285715 0.0013906474
 53.16647 0.49 0.5317384 0.53027195 1.4285715 0.0014664965
 53.19717 0.469 0.53200275 0.5301508 1.4602041 0.0018519913
 53.22787 0.5 0.5353295 0.53002924 1.4142135 0.005300256
 53.25857 0.5 0.5353636 0.5299073 1.4142135 0.0054563223
 53.28917 0.531 0.5354241 0.52978534 1.3723116 0.0056387805
 53.31987 0.417 0.5355444 0.52966255 1.5485741 0.0058818124
 53.35057 0.531 0.5358564 0.5295394 1.3723116 0.0063170358
 53.38127 0.396 0.5379853 0.5294158 1.5891043 0.008569544
 53.41197 0.406 0.5381436 0.5292918 1.569412 0.008851768
 53.44257 0.656 0.5383179 0.52916783 1.2346619 0.009150112
 53.47327 0.573 0.5385108 0.529043 1.3210604 0.009467783
 53.50397 0.469 0.5387228 0.5289178 1.4602041 0.009805024
 53.53467 0.542 0.53895533 0.5287922 1.3583145 0.010163174
 53.56527 0.469 0.539209 0.52866656 1.4602041 0.010542438
 53.59597 0.604 0.5394873 0.52854013 1.2867125 0.010947162
 53.62667 0.49 0.5397912 0.5284133 1.4285715 0.011377956
 53.65737 0.406 0.5401229 0.52828604 1.569412 0.011836869
 53.68807 0.438 0.54048455 0.52815837 1.5109947 0.012326168
 53.71867 0.427 0.5408773 0.52803075 1.5303334 0.012846559
 53.74937 0.531 0.5413067 0.52790225 1.3723116 0.013404395
 53.78007 0.417 0.5417741 0.5277734 1.5485741 0.01400073
 53.81077 0.438 0.5422819 0.5276441 1.5109947 0.01463782
 53.84147 0.385 0.5428287 0.5275144 1.6116459 0.015314275
 53.87207 0.458 0.5433517 0.5273847 1.4776353 0.015967023
 53.90277 0.573 0.54401916 0.52725416 1.3210604 0.01676499
 53.93347 0.51 0.54474807 0.5271233 1.4002801 0.01762483
 53.96417 0.271 0.54554445 0.5269919 1.9209468 0.018552493
 53.99487 0.479 0.5464129 0.5268602 1.4448816 0.019552717
 54.02547 0.323 0.54732704 0.52672845 1.7595384 0.020598587
 54.05617 0.396 0.54838085 0.52659595 1.5891043 0.021784948
 54.08687 0.562 0.54954016 0.526463 1.3339263 0.023077207
 54.11757 0.458 0.5508178 0.5263296 1.4776353 0.02448818
 54.14817 0.573 0.5522238 0.52619624 1.3210604 0.026027564
 54.17887 0.51 0.5537856 0.5260621 1.4002801 0.027723536
 54.20957 0.458 0.55551904 0.5259275 1.4776353 0.02959156
 54.24027 0.677 0.5574483 0.5257925 1.2153621 0.031655826
 54.27097 0.604 0.55960166 0.52565706 1.2867125 0.033944573
 54.30157 0.604 0.56200457 0.5255217 1.2867125 0.03648288
 54.33227 0.427 0.5647144 0.5253855 1.5303334 0.03932886
 54.36297 0.49 0.56777215 0.5252489 1.4285715 0.04252327
 54.39367 0.438 0.57123756 0.5251118 1.5109947 0.046125725
 54.42437 0.448 0.5751829 0.5249744 1.4940357 0.05020855
 54.45497 0.625 0.57968247 0.52483696 1.264911 0.05484548
 54.48567 0.479 0.5848791 0.52469873 1.4448816 0.06018041
 54.51637 0.729 0.5909001 0.52456003 1.171214 0.06634008
 54.54707 0.688 0.597926 0.524421 1.205607 0.07350504
 54.57777 0.781 0.60618865 0.5242815 1.1315519 0.08190715
 54.60837 0.688 0.6159589 0.524142 1.205607 0.09181687
 54.63907 0.667 0.62770957 0.5240018 1.2244388 0.10370781
 54.66977 0.719 0.6419631 0.52386105 1.1793306 0.11810209
 54.70047 0.792 0.6594903 0.5237199 1.1236664 0.13577038
 54.73107 0.813 0.68135446 0.5235789 1.1090592 0.15777563
 54.76177 0.969 0.7095395 0.52343696 1.01587 0.18610254
 54.79247 0.937 0.74722075 0.5232946 1.033071 0.22392617
 54.82317 1.062 0.80024385 0.5231519 0.9703708 0.277092
 54.85387 1.312 0.87893444 0.5230087 0.8730379 0.3559257
 54.884468 1.375 1.00182 0.5228656 0.8528029 0.4789544
 54.91517 1.656 1.2110792 0.52272165 0.77708733 0.68835765
 54.94587 2.469 1.6152213 0.5225773 0.63641363 1.0926441
 54.97657 2.937 2.4783328 0.5224325 0.5835096 1.9559002
 55.00727 4.302 4.258812 0.5222873 0.4821307 3.7365246
 55.03787 6.531 7.284618 0.5221422 0.3913003 6.762476
 55.06857 9.865 10.997403 0.52199614 0.31838417 10.475408
 55.09927 13.25 13.316885 0.52184975 0.27472112 12.795035
 55.12997 12.343 12.215785 0.5217029 0.28463587 11.694082
 55.16067 9.301 9.370316 0.52155566 0.32789528 8.84876
 55.19127 6.718 7.609658 0.5214085 0.3858158 7.088249
 55.22197 7.468 7.451636 0.5212605 0.36592984 6.9303756
 55.25267 8.271 7.4286985 0.521112 0.34771305 6.9075866
 55.28337 6.417 6.0689855 0.5209632 0.39476076 5.5480227
 55.31397 4.261 4.014745 0.52081436 0.48444474 3.4939306
 55.34467 2.406 2.3756042 0.5206647 0.6446919 1.8549393
 55.37537 1.76 1.4654816 0.5205146 0.75377834 0.94496703
 55.40607 1.573 1.0650665 0.5203641 0.7973255 0.54470235
 55.43677 1.344 0.8964931 0.52021325 0.86258197 0.37627983
 55.46737 0.885 0.81067187 0.5200624 1.062988 0.29060948
 55.49807 0.729 0.7551909 0.5199107 1.171214 0.23528023
 55.52877 0.646 0.71512103 0.5197586 1.2441815 0.19536245
 55.55947 0.781 0.6846074 0.51960605 1.1315519 0.16500133
 55.59017 0.604 0.6608082 0.5194531 1.2867125 0.1413551
 55.62077 0.677 0.64191294 0.5193003 1.2153621 0.12261267
 55.65147 0.646 0.6265391 0.5191465 1.2441815 0.1073926
 55.68217 0.583 0.61389047 0.51899236 1.3096815 0.09489814
 55.71287 0.625 0.6033474 0.51883775 1.264911 0.08450967
 55.74357 0.583 0.5944596 0.5186828 1.3096815 0.07577681
 55.77417 0.385 0.58691436 0.5185279 1.6116459 0.06838644
 55.80487 0.396 0.58040583 0.5183721 1.5891043 0.062033743
 55.83557 0.76 0.57476866 0.5182159 1.1470786 0.056552768
 55.86627 0.573 0.5698514 0.5180593 1.3210604 0.05179207
 55.89687 0.49 0.5655484 0.5179028 1.4285715 0.047645625
 55.92757 0.51 0.561737 0.5177454 1.4002801 0.04399163
 55.95827 0.49 0.5583615 0.51758754 1.4285715 0.040773936
 55.98897 0.469 0.55537355 0.5174293 1.4602041 0.03794426
 56.01967 0.531 0.55276114 0.5172707 1.3723116 0.035490494
 56.05027 0.562 0.55062973 0.51711214 1.3339263 0.033517625
 56.08097 0.531 0.5503916 0.51695263 1.3723116 0.033438936
 56.11167 0.635 0.5484699 0.5167928 1.2549117 0.031677138
 56.14237 0.667 0.54674447 0.5166325 1.2244388 0.030111969
 56.17307 0.573 0.5452143 0.5164718 1.3210604 0.028742447
 56.20367 0.656 0.5439357 0.5163112 1.2346619 0.027624441
 56.23437 0.458 0.543603 0.51614976 1.4776353 0.027453275
 56.265068 0.542 0.54245514 0.5159879 1.3583145 0.026467305
 56.29577 0.573 0.5414177 0.5158255 1.3210604 0.025592204
 56.32647 0.438 0.54048216 0.5156628 1.5109947 0.024819361
 56.35707 0.396 0.53964376 0.5155002 1.5891043 0.024143564
 56.38777 0.417 0.53889084 0.5153367 1.5485741 0.023554197
 56.41847 0.594 0.5382217 0.5151727 1.2974982 0.023049027
 56.44917 0.531 0.5376328 0.51500833 1.3723116 0.022624455
 56.47977 0.479 0.537123 0.5148441 1.4448816 0.022278884
 56.51047 0.479 0.5366873 0.51467896 1.4448816 0.022008331
 56.54117 0.573 0.536327 0.5145134 1.3210604 0.021813614
 56.57187 0.521 0.5360427 0.5143474 1.385419 0.021695307
 56.60257 0.49 0.53583616 0.514181 1.4285715 0.021655165
 56.63317 0.542 0.5357108 0.5140147 1.3583145 0.021696089
 56.66387 0.531 0.5356705 0.51384753 1.3723116 0.02182296
 56.69457 0.604 0.5357223 0.5136799 1.2867125 0.022042396
 56.72527 0.448 0.5358752 0.5135119 1.4940357 0.022363331
 56.75597 0.417 0.53614104 0.51334345 1.5485741 0.022797586
 56.78657 0.552 0.53653115 0.5131752 1.3459548 0.023355996
 56.81727 0.479 0.5370698 0.5130059 1.4448816 0.02406389
 56.84797 0.479 0.537782 0.5128363 1.4448816 0.024945727
 56.87867 0.552 0.538702 0.5126662 1.3459548 0.02603582
 56.90937 0.5 0.5398759 0.51249576 1.4142135 0.027380226
 56.93997 0.604 0.5413627 0.5123254 1.2867125 0.029037317
 56.97067 0.646 0.54325885 0.5121541 1.2441815 0.031104749
 57.00137 0.458 0.5455789 0.51198244 1.4776353 0.033596475
 57.03207 0.594 0.5461703 0.5118103 1.2974982 0.03435997
 57.06267 0.521 0.5524878 0.51163834 1.385419 0.040849447
 57.09337 0.531 0.56210387 0.51146543 1.3723116 0.05063844
 57.12407 0.615 0.57789564 0.5112921 1.2751534 0.066603534
 57.15477 0.635 0.6069024 0.5111184 1.2549117 0.09578404
 57.18547 0.792 0.66359293 0.51094425 1.1236664 0.15264866
 57.21607 0.844 0.7758832 0.51077026 1.0885009 0.26511294
 57.24677 0.802 0.9588531 0.5105953 1.116639 0.4482578
 57.27747 1.156 1.1787256 0.51041996 0.93008167 0.6683056
 57.30817 1.396 1.3251709 0.5102442 0.8463642 0.8149267
 57.33887 1.312 1.281234 0.510068 0.8730379 0.771166
 57.36947 1.0 1.1160002 0.509892 1.0 0.6061082
 57.40017 0.865 0.9926809 0.509715 1.0752066 0.4829659
 57.43087 0.958 0.96777964 0.5095376 1.0216855 0.45824206
 57.46157 1.083 0.9797488 0.5093598 0.96091676 0.470389
 57.49227 0.979 0.931546 0.50918156 1.0106683 0.42236444
 57.52287 0.906 0.819944 0.5090035 1.0505964 0.31094053
 57.55357 0.719 0.71273655 0.50882447 1.1793306 0.20391203
 57.58427 0.74 0.6465921 0.50864506 1.1624764 0.13794705
 57.61497 0.844 0.6190906 0.5084652 1.0885009 0.11062541
 57.64557 0.833 0.61444896 0.5082855 1.0956643 0.10616343
 57.67627 0.708 0.62151796 0.50810486 1.1884568 0.113413095
 57.70697 0.76 0.6369025 0.5079238 1.1470786 0.12897873
 57.73767 0.823 0.66179985 0.5077423 1.1023006 0.15405756
 57.76837 0.885 0.6999469 0.50756043 1.062988 0.19238645
 57.79897 1.302 0.75825053 0.5073787 0.87638414 0.2508718
 57.82967 1.052 0.85238576 0.507196 0.97497195 0.34518975
 57.86037 1.76 1.0180756 0.5070129 0.75377834 0.5110626
 57.89107 1.719 1.337618 0.5068294 0.7627146 0.83078855
 57.92177 2.052 1.9691998 0.50664544 0.69808984 1.4625543
 57.95237 3.104 3.1016073 0.50646174 0.5675958 2.5951457
 57.98307 4.146 4.7474575 0.50627697 0.49111745 4.241181
 58.01377 6.208 6.401698 0.50609183 0.40135083 5.895606
 58.04447 7.093 7.043751 0.5059063 0.37547845 6.537844
 58.07517 5.948 6.158731 0.5057203 0.41002893 5.6530104
 58.10577 4.708 4.803428 0.5055345 0.46087354 4.297894
 58.13647 4.094 4.052711 0.5053477 0.49422655 3.5473633
 58.16717 4.312 4.004193 0.50516057 0.48157132 3.4990325
 58.19787 3.583 3.9895153 0.504973 0.5282951 3.4845424
 58.22847 3.583 3.3774638 0.5047856 0.5282951 2.8726783
 58.25917 2.291 2.3931165 0.5045972 0.6606744 1.8885192
 58.28987 1.698 1.5543959 0.50440836 0.76741654 1.0499876
 58.320568 1.281 1.0500962 0.5042191 0.8835384 0.54587704
 58.35127 1.073 0.81171495 0.50402945 0.96538407 0.30768546
 58.38187 0.937 0.70963436 0.50384 1.033071 0.20579433
 58.41257 0.906 0.6600577 0.5036496 1.0505964 0.15640812
 58.44327 0.688 0.62982637 0.50345874 1.205607 0.12636763
 58.47397 0.74 0.60831445 0.50326747 1.1624764 0.10504695
 58.50467 0.583 0.59199005 0.50307584 1.3096815 0.08891427
 58.53527 0.615 0.5792512 0.5028843 1.2751534 0.07636689
 58.56597 0.5 0.5690251 0.50269186 1.4142135 0.06633321
 58.59667 0.542 0.5606885 0.502499 1.3583145 0.058189504
 58.62737 0.51 0.55381703 0.5023057 1.4002801 0.05151139
 58.65807 0.396 0.54807496 0.502112 1.5891043 0.045963027
 58.68867 0.552 0.5432513 0.50191844 1.3459548 0.041332815
 58.71937 0.604 0.5391661 0.50172395 1.2867125 0.03744217
 58.75007 0.552 0.5357785 0.501529 1.3459548 0.03424955
 58.78077 0.656 0.5332247 0.50133365 1.2346619 0.031891044
 58.81137 0.448 0.53346246 0.50113857 1.4940357 0.03232391
 58.84207 0.417 0.53113264 0.5009424 1.5485741 0.030190233
 58.87277 0.646 0.52909 0.50074583 1.2441815 0.02834419
 58.90347 0.49 0.5273091 0.50054884 1.4285715 0.026760304
 58.93417 0.479 0.52579546 0.5003515 1.4448816 0.02544398
 58.96477 0.417 0.5246452 0.5001543 1.5485741 0.024490878
 58.99547 0.354 0.5248406 0.49995613 1.6807317 0.024884466
 59.02617 0.542 0.52372026 0.4997575 1.3583145 0.02396276
 59.05687 0.49 0.5227197 0.4995585 1.4285715 0.023161197
 59.08757 0.437 0.5218262 0.49935907 1.5127226 0.02246715
 59.11817 0.344 0.5210313 0.4991599 1.7049859 0.021871401
 59.14887 0.573 0.52032036 0.49895966 1.3210604 0.02136071
 59.17957 0.375 0.519688 0.49875903 1.6329932 0.020929
 59.21027 0.406 0.519126 0.49855796 1.569412 0.020568058
 59.24097 0.479 0.5186241 0.49835652 1.4448816 0.020267632
 59.27157 0.729 0.51816314 0.4981553 1.171214 0.020007823
 59.30227 0.604 0.517599 0.49795303 1.2867125 0.019645935
 59.33297 0.521 0.5173073 0.49775034 1.385419 0.019556949
 59.36367 0.458 0.51707065 0.49754724 1.4776353 0.019523395
 59.394268 0.448 0.5168857 0.4973444 1.4940357 0.01954128
 59.42497 0.458 0.51674235 0.4971405 1.4776353 0.019601835
 59.45567 0.49 0.5165734 0.4969362 1.4285715 0.01963723
 59.48637 0.479 0.5165658 0.49673146 1.4448816 0.019834355
 59.51707 0.521 0.516614 0.49652633 1.385419 0.020087698
 59.54767 0.552 0.5167193 0.49632147 1.3459548 0.020397827
 59.57837 0.427 0.51688415 0.49611554 1.5303334 0.02076859
 59.60907 0.51 0.5171109 0.49590918 1.4002801 0.0212017
 59.63977 0.469 0.51740277 0.49570242 1.4602041 0.021700358
 59.67047 0.594 0.51776886 0.49549526 1.2974982 0.022273635
 59.70107 0.469 0.51820177 0.49528834 1.4602041 0.022913432
 59.73177 0.51 0.5187147 0.49508038 1.4002801 0.02363437
 59.76247 0.677 0.5193127 0.49487197 1.2153621 0.024440704
 59.79317 0.458 0.5200026 0.49466318 1.4776353 0.025339395
 59.82387 0.521 0.5207919 0.49445397 1.385419 0.026337909
 59.85447 0.323 0.5216866 0.49424505 1.7595384 0.027441593
 59.88517 0.542 0.52269965 0.49403504 1.3583145 0.02866462
 59.91587 0.448 0.52383447 0.4938246 1.4940357 0.030009884
 59.94657 0.531 0.5250893 0.49361375 1.3723116 0.031475566
 59.97717 0.531 0.52643627 0.4934032 1.3723116 0.033033088
 60.00787 0.437 0.52777404 0.49319154 1.5127226 0.03458252
 60.03857 0.49 0.5280655 0.4929795 1.4285715 0.035086036
 60.06927 0.708 0.53032285 0.492767 1.1884568 0.037555818
 60.09997 0.458 0.53286964 0.49255413 1.4776353 0.04031552
 60.13057 0.49 0.53573895 0.49234155 1.4285715 0.043397386
 60.16127 0.573 0.5389859 0.49212787 1.3210604 0.046858042
 60.19197 0.583 0.54261196 0.49191377 1.3096815 0.050698195
 60.22267 0.552 0.5462042 0.49169925 1.3459548 0.05450493
 60.25337 0.531 0.5513045 0.49148434 1.3723116 0.05982019
 60.28397 0.656 0.5572231 0.4912697 1.2346619 0.06595335
 60.31467 0.542 0.5641841 0.491054 1.3583145 0.07313016
 60.34537 0.583 0.57242817 0.49083784 1.3096815 0.0815903
 60.37607 0.677 0.582328 0.4906213 1.2153621 0.09170673
 60.40677 0.729 0.59449327 0.49040434 1.171214 0.10408893
 60.43737 0.781 0.6099911 0.4901877 1.1315519 0.119803384
 60.46807 0.656 0.6308158 0.48996994 1.2346619 0.14084587
 60.49877 0.604 0.6598409 0.48975176 1.2867125 0.17008916
 60.52947 0.854 0.70622486 0.48953316 1.0821091 0.2166917
 60.56007 0.958 0.7624873 0.48931488 1.0216855 0.27317244
 60.59077 1.167 0.84077084 0.48909548 0.92568785 0.35167533
 60.62147 1.146 0.9538839 0.4888757 0.9341308 0.4650082
 60.65217 1.292 1.1249012 0.48865548 0.8797692 0.63624567
 60.68287 1.573 1.3973405 0.48843485 0.7973255 0.9089057
 60.71347 2.208 1.8579872 0.48821452 0.6729774 1.3697727
 60.74417 2.364 2.6766596 0.4879931 0.6503936 2.1886666
 60.77487 3.167 4.1009 0.48777124 0.5619219 3.613129
 60.80557 4.573 6.299956 0.487549 0.4676268 5.8124065
 60.83627 7.52 8.99478 0.48732632 0.36466247 8.507454
 60.86687 11.062 11.159397 0.487104 0.3006652 10.672294
 60.89757 13.145 11.415285 0.4868805 0.27581617 10.928405
 60.92827 9.636 9.628383 0.48665664 0.32214516 9.141726
 60.95897 7.084 7.5404654 0.48643234 0.3757169 7.0540333
 60.98967 6.156 6.4724298 0.48620763 0.40304238 5.986222
 61.02027 7.02 6.3851013 0.48598325 0.37742567 5.8991184
 61.05097 7.864 6.313016 0.48575774 0.35659745 5.827258
 61.08167 6.468 5.375903 0.4855318 0.39320135 4.8903713
 61.11237 4.406 3.828347 0.4853055 0.47640657 3.3430417
 61.14297 2.865 2.4328063 0.4850795 0.5907962 1.9477268
 61.17367 2.021 1.5265931 0.48485234 0.70342344 1.0417408
 61.20437 1.364 1.0650018 0.48462477 0.85623467 0.580377
 61.23507 1.406 0.85903007 0.48439682 0.84334904 0.37463322
 61.26577 1.062 0.76269567 0.48416844 0.9703708 0.2785272
 61.29637 0.885 0.70777655 0.48394042 1.062988 0.22383614
 61.32707 0.865 0.66985947 0.48371124 1.0752066 0.18614826
 61.35777 0.729 0.64136976 0.48348165 1.171214 0.15788813
 61.38847 0.719 0.61913997 0.48325163 1.1793306 0.13588832
 61.41917 0.625 0.60141593 0.48302123 1.264911 0.118394725
 61.449768 0.74 0.5870902 0.48279116 1.1624764 0.10429904
 61.48047 0.385 0.575324 0.48255995 1.6116459 0.09276407
 61.51117 0.615 0.5659079 0.48232833 1.2751534 0.08357958
 61.54187 0.667 0.55753857 0.48209628 1.2244388 0.07544227
 61.57257 0.646 0.5504165 0.48186383 1.2441815 0.06855272
 61.60317 0.594 0.5443281 0.48163173 1.2974982 0.06269634
 61.63387 0.365 0.53907865 0.48139846 1.6552118 0.05768017
 61.66457 0.583 0.5346961 0.48116478 1.3096815 0.053531293
 61.69527 0.531 0.5306434 0.48093072 1.3723116 0.04971268
 61.72587 0.469 0.52708334 0.480697 1.4602041 0.046386354
 61.75657 0.594 0.52392435 0.4804621 1.2974982 0.043462254
 61.78727 0.448 0.521121 0.48022678 1.4940357 0.040894214
 61.81797 0.583 0.5186267 0.47999108 1.3096815 0.038635604
 61.84867 0.438 0.5163992 0.47975498 1.5109947 0.03664423
 61.87927 0.396 0.5144212 0.47951922 1.5891043 0.03490198
 61.90997 0.573 0.51265013 0.4792823 1.3210604 0.033367824
 61.94067 0.479 0.51107144 0.47904494 1.4448816 0.032026514
 61.97137 0.417 0.5096682 0.4788072 1.5485741 0.030860996
 62.00207 0.719 0.50842685 0.47856903 1.1793306 0.029857798
 62.03267 0.521 0.5073391 0.47833127 1.385419 0.029007878
 62.06337 0.365 0.5063906 0.47809228 1.6552118 0.028298292
 62.09407 0.588 0.5055794 0.4778529 1.3041013 0.027726522
 62.12477 0.584 0.5049027 0.47761312 1.3085598 0.027289603
 62.15547 0.504 0.50436 0.4773729 1.4085904 0.02698711
 62.18607 0.65 0.50395477 0.4771331 1.2403474 0.026821636
 62.21677 0.504 0.50368917 0.47689208 1.4085904 0.026797095
 62.24747 0.521 0.5035738 0.47665069 1.385419 0.02692307
 62.27817 0.415 0.5036212 0.47640884 1.552301 0.027212387
 62.30877 0.657 0.50385046 0.4761674 1.233722 0.027683042
 62.33947 0.596 0.5042892 0.47592476 1.2953194 0.028364439
 62.37017 0.417 0.5050766 0.47568172 1.5485741 0.029394893
 62.40087 0.516 0.5062109 0.47543827 1.3921151 0.030772679
 62.43157 0.653 0.50793505 0.4751944 1.2374948 0.032740623
 62.46217 0.601 0.5105139 0.47495094 1.28992 0.035562966
 62.49287 0.632 0.5142312 0.47470623 1.2578865 0.03952495
 62.52357 0.628 0.5192851 0.47446117 1.2618861 0.0448239
 62.55427 0.573 0.5258976 0.47421566 1.3210604 0.051681954
 62.58497 0.568 0.53456795 0.47396976 1.3268622 0.06059822
 62.61557 0.626 0.5462086 0.47372425 1.2639004 0.07248438
 62.64627 0.595 0.5622615 0.47347754 1.2964075 0.08878398
 62.67697 0.551 0.58477485 0.47323042 1.3471756 0.11154443
 62.70767 0.944 0.61687243 0.47298288 1.0292337 0.14388953
 62.73837 0.848 0.6637594 0.47273493 1.0859306 0.19102448
 62.76897 1.092 0.7347963 0.4724874 0.95694876 0.26230887
 62.79967 0.955 0.84737384 0.47223863 1.023289 0.37513524
 62.830368 0.786 1.0294101 0.47198948 1.1279471 0.5574206
 62.86107 1.267 1.313779 0.4717399 0.88840646 0.84203917
 62.89167 1.415 1.7054454 0.47149074 0.8406627 1.2339547
 62.92237 1.919 2.1347346 0.47124034 0.72187585 1.6634942
 62.95307 2.439 2.4293642 0.47098956 0.64031565 1.9583746
 62.98377 2.279 2.4002874 0.47073835 0.66241145 1.929549
 63.01447 2.237 2.0815303 0.47048673 0.668601 1.6110436
 63.04507 1.868 1.7406809 0.47023553 0.73166376 1.2704453
 63.07577 1.644 1.5612215 0.4699831 0.77991825 1.0912384
 63.10647 1.526 1.5333872 0.4697303 0.80951095 1.0636569
 63.13717 1.437 1.5152166 0.46947703 0.83420277 1.0457395
 63.16787 1.776 1.370511 0.46922338 0.7503753 0.9012877
 63.19847 1.249 1.1207561 0.46897015 0.89478517 0.651786
 63.22917 0.807 0.8794357 0.4687157 1.1131744 0.41072002
 63.25987 0.891 0.7137981 0.46846083 1.0594028 0.24533726
 63.29057 0.711 0.62595123 0.46820554 1.1859468 0.1577457
 63.32127 0.652 0.58868575 0.46794984 1.2384435 0.120735876
 63.35187 0.627 0.5764282 0.46769458 1.262892 0.108733565
 63.38257 0.732 0.57547164 0.46743807 1.1688114 0.108033575
 63.41327 0.766 0.58117104 0.46718118 1.1425774 0.11398985
 63.44397 0.371 0.59355426 0.46692386 1.6417727 0.12663043
 63.47457 0.577 0.6171736 0.46666697 1.3164734 0.15050663

#end of datafile: A10_Cs2NaInCl6 - cut.xy

